528
830
676
776
66
862
777
803
874
221
162
396
17
41
90
994
648
518
296
40
217
592
746
387
338
255
138
437
904
337
691
352
258
826
881
1023
138
103
921
886
445
669
223
610
508
72
305
420
908
450
611
84
926
840
551
870
4
169
792
304
171
26
661
702
413
478
477
513
471
943
374
278
331
660
678
258
358
695
535
77
405
364
692
63
460
614
865
202
583
211
1008
637
939
619
86
356
699
277
960
433
706
883
665
257
423
631
697
602
628
769
407
102
62
288
835
519
463
138
800
20
48
854
644
400
101
92
116
839
853
631
108
305
290
504
361
289
508
143
372
330
586
759
521
130
220
654
578
759
518
813
584
443
515
788
57
611
364
80
653
840
185
739
936
1007
159
539
903
942
868
447
918
640
471
879
889
839
828
691
499
684
527
626
851
78
380
706
486
669
525
940
562
602
726
894
434
534
955
1020
623
191
592
509
353
228
36
493
75
176
622
802
755
980
159
313
836
138
76
1
382
479
499
621
107
447
644
24
215
927
865
360
466
506
758
824
1021
704
49
834
186
608
404
655
459
657
476
786
633
420
900
778
49
193
568
449
539
652
471
765
11
788
273
590
964
115
212
664
284
904
587
766
261
808
196
217
982
155
562
1
294
446
16
665
168
608
9
364
792
560
652
551
769
1007
896
248
686
171
285
54
237
584
254
994
637
445
481
621
855
749
474
598
963
630
69
88
413
174
225
40
524
71
599
476
861
183
452
584
254
193
79
308
612
195
390
290
842
648
391
800
753
304
170
577
781
429
605
427
187
858
36
739
306
374
357
189
859
173
272
466
695
194
702
51
417
812
961
160
254
163
1021
102
85
709
683
874
5
621
24
226
458
360
636
746
960
902
715
297
402
296
239
485
167
296
42
77
217
144
434
522
504
512
557
755
577
364
270
105
904
503
853
734
535
361
637
763
47
661
764
29
550
677
524
871
400
887
608
593
845
1013
653
732
383
695
686
965
449
442
956
32
465
250
934
257
35
102
778
829
830
902
88
360
285
366
896
440
230
276
739
142
693
503
324
844
683
897
702
154
699
248
869
265
435
251
279
949
949
873
794
30
961
890
442
347
550
505
678
612
904
48
921
229
733
841
675
42
544
841
866
972
970
239
24
607
927
463
970
301
522
944
802
40
824
141
772
982
380
220
385
207
535
744
644
345
914
927
744
398
647
1
629
903
334
292
116
825
102
857
188
168
627
399
1005
164
817
943
967
177
561
636
927
437
312
130
126
769
199
375
760
649
971
644
982
128
991
477
317
906
997
852
912
533
799
495
784
312
877
926
994
434
437
603
380
675
890
232
780
854
294
616
261
430
296
435
640
8
489
197
415
771
842
866
326
544
585
640
221
623
204
281
560
445
166
521
656
343
296
553
284
0
701
31
209
645
520
175
462
375
172
815
994
490
842
806
37
672
906
137
989
793
268
45
324
400
227
976
442
764
459
63
749
246
528
528
865
1003
392
61
681
805
115
529
689
971
513
667
139
898
409
622
472
163
829
689
544
469
243
229
75
854
885
759
226
273
883
960
593
858
240
862
201
670
27
919
731
24
180
142
717
1017
50
968
612
589
274
996
249
670
170
878
923
986
997
497
373
261
657
959
671
272
212
756
9
97
989
624
435
185
324
308
559
60
613
58
750
844
238
317
12
79
794
11
281
679
869
735
537
190
97
850
774
302
259
177
430
762
861
687
992
621
890
255
200
919
264
225
101
979
180
85
112
489
454
793
237
361
365
472
833
814
844
685
477
420
851
275
449
387
785
97
192
813
525
897
143
731
406
122
597
259
369
520
238
200
302
405
796
34
795
996
849
117
402
494
645
303
271
148
122
393
220
974
605
609
892
652
337
849
321
540
920
972
954
694
754
435
646
435
826
993
871
928
177
645
530
691
587
778
850
1024
931
100
3
846
465
791
686
368
960
509
68
681
132
674
219
935
366
880
727
779
670
347
298
21
728
20
842
600
243
960
527
1010
4
1013
83
740
75
1024
846
99
395
855
414
230
695
557
221
415
466
685
843
641
283
881
737
442
607
532
155
231
174
688
501
888
744
696
173
355
144
370
510
13
624
875
746
49
583
225
303
159
787
852
725
453
86
407
67
394
40
887
484
163
416
165
268
488
919
870
192
853
257
327
79
327
623
590
170
496
158
359
57
188
674
848
275
645
393
560
403
608
900
873
336
575
249
825
550
976
225
981
535
881
563
161
116
244
227
288
693
401
202
12
433
51
897
680
641
318
467
186
205
93
861
505
900
454
908
299
777
787
695
854
106
207
515
926
212
13
198
846
259
838
338
777
931
657
