11495
5812
12102
14771
13596
12785
9425
217
13963
5313
7180
15346
6039
15521
256
305
2027
6434
11627
7343
4049
11828
1607
1145
16350
2126
2604
5242
523
11166
848
11533
7940
15641
13987
3669
9068
9717
11510
8835
274
3052
7879
8745
2260
13786
13031
669
9784
14561
7859
10349
3149
2578
4029
16076
10718
9153
1752
1658
9408
14257
9548
11685
7193
12060
15314
12336
6798
4839
4523
3729
14944
6377
9874
10532
920
661
13368
8660
15273
7271
11160
3458
8332
14403
5708
3738
2919
1759
5342
6000
5299
8547
5678
5110
9892
10741
15511
13367
323
16229
3637
14638
5585
2140
6829
2336
3171
7545
15994
5666
13672
14948
6878
1528
3066
5407
14773
8686
9929
6666
5118
4258
11131
15186
587
15546
6899
1932
7436
12869
13176
10786
8164
7504
12031
2205
4208
15518
6558
9216
255
12844
2814
9885
4111
6925
11947
1829
14297
6722
6870
157
4591
12508
8150
12711
3499
8102
4033
2288
8122
861
4284
3930
500
4996
8621
5566
1712
15457
4527
5454
6139
4242
15867
3963
14882
3732
9920
9973
4001
16035
14814
6103
7444
13100
12982
2982
4634
14060
13513
1736
2933
5599
10396
13244
14108
7989
8195
2928
3915
4364
9891
5837
4584
13937
6008
8572
12487
6696
2999
11680
12695
9115
7918
7122
1195
11227
14799
13182
11124
7344
12135
1964
16228
6159
1259
13736
8557
12708
1715
7385
9893
15129
4134
16096
671
11230
9150
4224
16165
1189
2017
10409
16065
2381
199
12881
1932
15090
2226
996
4585
7849
13620
15538
13580
14372
4651
9323
10251
8936
12011
12978
14622
12406
9067
9578
9381
2707
11232
1878
7429
3385
3993
13427
5442
12172
809
7117
12433
5452
14236
7093
555
1948
9406
9124
12320
15009
9721
7526
10967
8461
16036
12016
5786
12430
2265
15038
2159
599
11627
15612
5539
11489
13994
15394
11050
8160
1455
2658
8436
9016
2103
14273
13229
7954
7135
4009
7357
9923
9022
12067
1068
5383
13964
5872
5080
11722
4117
9221
4482
5040
4059
12359
7392
11688
9162
16373
14116
11655
12598
7837
2293
13645
10369
4695
7407
7840
3235
6041
6952
2220
15547
676
6331
15855
15950
9020
6701
3487
8655
7707
468
72
6242
2328
4612
6109
8665
8563
10045
11154
699
2676
3641
3909
5070
2305
1437
7604
4023
10815
14837
2492
5434
2688
13596
451
11917
13700
9414
15935
3980
9765
4842
12704
6995
8180
12494
13682
3890
13701
9618
6355
5262
6737
8291
2230
4456
2086
9946
13043
13600
2327
7654
7900
15892
14322
14756
13514
6420
13445
11317
8799
420
10310
7455
5497
11247
11082
12442
11091
11056
7335
11034
541
9594
9160
15201
990
4502
15558
6543
3040
4783
10358
6149
3252
4967
13878
5144
5708
3820
3581
12
4872
771
13371
3300
12396
2525
4850
4367
10396
339
8452
8294
6681
7626
6836
6183
14995
10337
3095
4742
14952
4302
13843
10624
550
13977
11163
1911
988
9329
7818
3620
14181
11030
14372
9710
9877
3309
10654
5478
11243
13030
6883
3140
1913
4737
3070
2806
8405
9861
4406
11452
14422
13577
1393
13753
2159
9854
180
413
8784
13182
16303
6210
12950
9614
256
5250
14816
3718
3126
11575
7869
7694
6762
4232
10476
1611
16037
4071
7618
4153
8409
393
8441
10903
8770
8776
2443
13810
11640
16140
15545
7038
15262
6017
10092
6232
419
3257
16076
4433
10077
2942
1688
9033
6194
13541
3906
10445
14997
1399
6752
12825
4852
3826
8342
2303
2280
9435
11379
8204
3206
15552
6542
16253
10046
3542
4682
10096
7958
14226
1770
9975
8893
11179
3198
2271
11047
16251
11600
5026
13733
5354
9804
5099
4708
11237
6681
6357
1203
16204
1906
14966
13379
14257
1454
613
8710
1413
14549
5822
883
11867
327
4999
12942
1152
6676
15386
1250
7064
15913
1381
9845
2286
12987
2462
12954
2655
626
5673
13460
10647
10344
1521
5621
15061
5455
236
15349
16037
12251
2534
13936
985
4404
12089
3814
10542
3340
12451
13241
3754
8469
6925
15705
4574
8968
8723
2899
1962
12896
12605
13636
10695
13088
7298
8981
14998
6981
2534
388
2707
14105
8744
15407
7042
6807
1527
4430
6182
90
7691
11013
15028
11163
1730
859
14452
13223
13297
6713
2756
11690
3347
12753
6673
5529
15873
14424
16066
5587
5168
11639
5490
10984
14931
14801
3792
1192
13581
14351
14403
11173
6891
4408
12080
12678
1312
7951
15899
14066
2195
10895
12384
8443
15377
6674
7341
4693
14896
3832
6725
4575
13031
229
7588
3142
127
8239
8270
12881
1707
3984
937
6224
5732
5127
2000
789
4167
16257
11152
10211
9422
736
1354
5440
15004
16136
15848
8347
14684
13259
12473
999
1908
282
6481
7785
11785
7274
15623
12509
2955
491
8405
11534
12153
686
6430
8400
4354
11565
3402
4831
12263
6314
3715
6450
10164
5426
1049
8903
8859
1128
2645
5915
12750
7039
2515
6814
7498
3790
2970
7276
12954
3151
10615
3849
10850
11788
11100
9670
3550
231
7649
5276
14426
2576
8106
8452
15263
7462
11685
12953
8223
12919
13700
12891
15951
12161
15688
14882
15763
1855
2461
15005
7817
6733
8088
6447
1004
3781
798
10106
6193
186
7883
11983
5835
7542
16140
7123
15439
12777
7403
897
410
3256
14003
13149
4649
16024
15857
5603
9478
2059
14003
2800
14693
1881
4220
10623
8908
12670
14366
3075
14171
8945
7813
13068
11971
1869
6142
16187
12363
15689
12873
6895
15528
3653
1553
8076
5413
520
12227
7250
101
3741
3554
3433
1574
1613
9631
1122
9990
10523
6625
5634
4557
14048
11592
905
3488
13703
15098
2253
3862
4702
5155
7827
2832
13237
6976
2890
6681
9985
7131
7441
8420
8710
3264
16182
12427
11942
9139
3568
5965
1704
8844
9924
5149
13295
16265
10730
10111
8591
11266
13786
12239
11765
9422
14514
10046
5699
1802
14036
1203
12374
10749
11002
10279
10172
2223
3335
6734
12298
6072
6438
11352
6114
14226
13885
5684
11891
15938
1035
12793
10147
16057
12458
13797
7422
9865
4714
9866
3339
6975
8535
11734
16014
2076
5038
4611
15965
4659
15281
10023
11207
12732
3424
14896
11017
14452
285
15971
12955
1433
1757
7450
9411
183
13386
15274
2280
3474
9234
12687
5160
8255
4623
1417
15810
16312
11662
7268
7726
9735
1750
1581
13335
3611
8569
14249
6488
7044
11492
8826
1372
4435
5911
10785
6719
12730
9718
15066
10777
9
7025
6826
14813
6370
5945
13112
14735
14703
15211
3358
16365
11376
13621
14703
12709
11326
11564
9135
5874
6273
8665
9973
2931
5972
14360
8314
5988
2527
9391
13133
8284
1017
6146
4646
4549
5153
15147
13218
5879
11892
9816
5606
2389
1650
9084
7088
12015
5068
4194
2191
2365
8583
6951
7167
5676
4099
4258
8325
10525
3557
3805
3994
12617
6989
15725
14526
11802
3288
12134
13596
13399
2078
3458
5640
5
10530
1169
9211
2493
10107
12412
7558
8960
10637
11483
6291
5740
11494
1477
5243
4035
12653
15777
1945
11428
3538
7060
4069
7854
5987
11670
12714
12117
11574
11258
14936
498
1717
6224
10017
2686
9763
2959
1492
1644
14702
12
5042
13713
15618
11126
16195
15024
1823
13991
269
14049
8488
11545
2097
13887
7581
3744
1799
4288
15776
5219
15128
1073
1498
6149
6019
8652
6593
8645
11882
11657
4694
1208
15204
5211
16244
2955
10601
2514
16142
4983
11843
14739
16090
11143
11674
5524
10323
6078
3277
7814
15294
757
14253
6049
1806
6376
639
2988
13392
13464
2308
6197
7855
6653
2519
12261
9169
627
11194
5525
13003
7981
10923
14769
2097
14755
12804
15521
14125
15728
10387
5017
9223
1294
12469
13194
14224
9419
3131
6455
6899
7231
9633
69
12493
11289
6292
11387
14517
12812
6266
15454
16316
10722
5493
5160
6217
9162
5476
8645
9826
7321
8191
15857
12893
14130
8097
1615
13035
2181
10522
8143
7884
12997
10716
5107
4014
2142
12652
1689
2090
2655
484
13892
12102
4690
10788
8255
13333
13868
11355
3834
8813
10646
10475
587
5537
6312
11481
3120
12800
6292
5479
3745
9228
5502
9823
13745
4548
10071
7623
10705
8783
10360
8028
11969
11546
1381
5945
14309
10315
10501
1105
1238
10698
5426
14206
1595
4391
13674
850
11216
2131
11169
2819
10782
14057
15443
2552
662
1404
11481
13205
11708
5531
2853
4089
9300
2914
13229
4808
9822
5469
9002
9736
9203
7339
10163
2646
32
3140
9698
657
6390
12113
2820
13522
11604
3732
9958
13145
7798
10315
7671
8340
14561
5502
7654
15263
3641
5390
15591
11540
15465
10621
4607
13762
7146
6870
4606
13430
11484
4006
9401
3727
15680
8039
6507
8344
4448
15943
8212
8225
1550
11031
3354
13113
2448
3808
6520
4558
2071
11768
4547
8471
2757
2204
6164
12767
8352
12070
13457
9642
11256
12532
15007
15737
9917
14199
12090
11850
15061
5170
5912
14932
10031
1345
15386
8709
9471
10880
15093
9821
924
311
2838
9036
713
8809
4404
3843
9563
2432
7307
12383
374
11318
26
9106
15529
12771
11586
15860
3375
9842
3813
972
16099
5409
13350
4203
11243
15759
4171
11383
39
15699
14272
11821
15483
13878
11467
12922
7676
1651
14030
3558
15803
11103
13658
15657
14851
10207
1337
6946
9289
3608
9098
8071
15783
3806
5123
4637
5601
10254
6977
3962
2203
7801
8188
3258
9034
1305
7741
2731
1573
1271
14572
8323
2941
15272
12262
13914
11873
8862
14400
9874
13226
4127
9541
14560
12688
14637
5095
11270
4554
8559
2618
10683
14033
1728
16125
9038
2114
12727
8989
1387
11891
2609
75
13201
9140
12613
7836
4334
1119
15017
2952
15803
3093
13443
2558
2340
13949
14350
16300
4970
3361
13031
1764
6508
15730
9321
12916
13821
6829
3715
8065
9297
3970
13080
10025
14745
10138
14507
9048
10294
3726
1287
12991
8339
1762
2819
13464
15048
11314
9580
9900
11030
8386
8208
6965
13193
14226
9737
8252
11630
1613
6500
4166
12035
9032
13399
4017
2130
8278
5661
684
4862
6651
3701
12458
5373
5976
7767
4629
10982
12947
14359
535
15964
9159
15691
11260
5256
15958
15578
4537
6454
14301
9743
4977
970
1070
10207
9448
4874
9533
4926
10737
9036
1742
9391
11702
2171
580
5385
3326
2146
11218
14372
4275
14934
9359
13388
2527
3958
1192
11491
1394
12451
1919
13739
1640
1442
4664
10444
4584
8807
10107
6773
2765
1087
10016
11685
1160
12240
15183
126
5795
4480
1179
516
10509
9434
1955
13956
6165
14992
14573
11088
14024
4428
2363
15646
14918
10462
7736
15614
11971
2750
9249
110
3378
13824
9080
3263
1130
9354
10316
6647
1662
12070
553
5895
395
4536
3221
7609
2334
6736
11418
2710
6959
15278
819
6334
15906
7501
6893
3304
9118
8220
15364
15241
5879
10122
9641
5640
10763
170
2796
11642
3924
11830
5773
15413
11881
5576
14593
14945
12733
10807
483
13479
5638
3512
2627
11906
16222
5814
5191
10568
468
10337
12720
2428
10717
11921
2394
3965
3528
14401
4049
13031
2744
5865
15058
9971
5563
14339
10586
4143
12691
931
8067
13139
8699
15227
1133
15851
16368
13087
11374
7902
4819
2904
3417
681
5927
7510
4770
58
2180
12555
1112
5344
6701
8758
3873
14290
6564
8334
2037
161
12814
8873
10828
1622
12456
1461
4369
7682
8885
16198
7964
6209
7506
246
9901
7091
2457
13966
11002
3527
3572
6135
12712
9678
7794
3361
267
825
14392
1545
10737
9052
15135
2322
1246
1997
11
11918
6047
10568
3527
6370
2725
3433
8263
15665
5345
5338
9499
16176
9116
10045
15692
13555
7791
731
1255
2613
14193
10306
8571
6263
4630
3242
7693
16125
5446
7721
9781
11260
15301
6102
8855
12036
16194
408
1000
6748
1157
6054
15494
11866
15959
16032
10181
15433
13846
9445
10966
4262
1295
13643
950
10867
6577
534
13905
12794
4294
15541
4782
6300
14339
1824
3201
8307
5124
3857
238
291
13179
572
7561
15143
15419
4084
3371
7790
5695
8089
5802
2538
8267
6856
3381
6222
16307
7362
74
12724
3424
12700
1552
8743
7691
12322
9435
14370
587
177
15695
3778
4850
8412
12907
2193
12862
13978
3671
5519
579
3660
1854
7404
8624
11278
9337
11542
7531
6664
1555
2794
6559
574
16296
13842
15658
2900
11627
1877
1727
14812
8082
14589
3875
5514
14813
12128
9172
4225
5591
12562
15494
12023
6469
6027
2001
11754
5700
1492
406
6605
8778
57
6697
5475
8425
11310
11951
8852
8340
7745
2198
11275
6075
12358
15725
11586
5279
9666
9158
12141
13920
8040
1506
11104
639
13761
440
13193
14739
12934
12598
2840
6381
8471
11648
11142
1791
12124
2151
4386
6082
8752
1692
6838
7749
16370
12335
9135
10643
1422
15041
6155
16253
13687
812
4053
8953
1861
16102
2306
2495
5447
3698
1690
1553
16004
5536
9458
6736
9221
13570
12730
1931
488
2698
11491
10597
11317
12470
5265
8005
12214
5113
3938
2027
13396
2176
12387
11394
12975
1421
11324
13950
16258
9639
5886
8891
15864
10162
5674
5154
3264
12918
14948
4645
2096
8737
3315
6112
3689
7955
6967
11220
3697
12282
13800
11849
3265
2766
15271
8132
5850
3774
5026
10728
3295
8260
12174
8104
2640
450
10753
14876
11508
13934
1683
12193
3064
7763
5769
4643
12000
14404
8194
15054
13563
7471
12514
3998
8440
14125
15335
8121
2668
10384
714
1183
15501
7580
4262
5650
8864
1613
4565
4028
10618
14532
3870
11315
16074
6240
4585
8557
7510
453
5078
10456
7522
13981
8568
13268
1046
12355
1528
6884
14582
7760
11587
4019
2107
12796
6671
3720
1778
7683
1002
15883
10031
9192
4135
15491
6443
15661
15876
15541
1740
7130
6560
5529
1157
10388
10753
12389
14300
12760
5704
2724
7815
9902
10056
9410
14675
2935
3004
7605
860
16259
1941
12538
10135
11066
7459
10217
9461
7747
10287
3021
2513
14636
7628
2938
9154
15185
329
181
10283
6670
7137
2171
8396
6113
9360
3090
15357
15586
13317
5936
6296
15589
3940
11031
9055
1927
8921
2275
9635
2324
4508
8300
2158
15601
7126
15716
2314
9144
5072
5331
9406
6385
12616
14677
1724
8681
1249
4237
12361
11970
3142
5691
802
5982
8571
3866
9003
6508
5983
9016
7890
9251
9065
9512
14454
16058
4516
6831
3203
6631
13036
5608
6325
1502
913
3824
3475
3721
12044
2509
14666
13863
847
7332
8159
6454
3527
7996
5636
12760
6165
4167
14436
4647
12324
669
12669
13397
8461
14534
9369
13815
4629
8393
42
6880
10082
7919
7310
1970
14684
7193
2579
4521
13819
1901
12061
13592
12840
13050
9739
86
13705
370
276
6974
928
14950
14605
480
8040
4875
6055
4783
4651
13940
7154
5661
7124
4210
5625
9109
8325
11940
12569
3156
5482
6611
13657
11246
3251
8850
2830
10130
11682
6225
3777
7196
167
14381
3227
12170
4848
8362
3073
13851
6815
8897
8954
349
15237
7964
1728
13996
3169
5987
8464
1667
15316
7630
14891
14483
7185
10382
6950
14272
4984
5361
15534
15163
3267
6323
10722
1426
7771
74
13751
53
199
6334
12839
8029
7039
13452
13230
11295
8855
15653
14349
9435
11966
6960
9483
358
3459
14644
6482
3832
9556
6733
2043
9210
2533
9966
5305
3659
6694
14836
8821
8114
15598
1398
14792
16194
6234
6035
1238
9176
10070
12222
1220
9534
3991
9262
14412
4101
14672
4175
524
8120
4279
2148
2566
1981
7729
3836
7010
15823
7253
5818
9047
3201
11724
6208
10543
13805
4352
12679
3811
5796
11301
13796
2450
6550
14908
14395
10717
3830
11470
13449
5641
7503
9312
11451
4269
9536
2490
1866
6300
33
11694
3775
5348
2216
10635
357
6259
15783
4066
10643
14987
104
3212
4460
15755
2281
4428
15615
6713
3403
731
12525
8849
3636
12314
2168
5318
5548
2611
12162
13216
11512
11617
3271
1214
9926
7469
9918
12248
15175
8652
5628
2505
4170
14562
14640
2979
13866
14558
3293
10553
2146
2523
1203
2133
1151
4852
11462
3681
8136
3252
9649
7775
8657
8808
2082
13729
5844
14755
3629
3487
10688
6904
889
15203
7927
3819
2338
4055
3383
16067
7175
10467
15238
14389
2188
8
15458
14106
11572
10031
4355
11636
4421
4514
415
15134
13434
289
14545
12077
15902
10624
11149
2553
4701
3097
10904
189
10349
4660
13754
12580
13069
11875
13699
11843
2636
7377
8318
15294
10193
2782
7399
1424
9244
1802
6887
15010
1926
6068
13662
13942
5165
13901
533
6347
10785
5661
6451
2397
9574
16364
3077
8962
16333
216
13447
1744
7793
3342
13405
3413
9121
5519
519
1702
4480
12592
13228
5211
5377
7766
7284
10223
4512
403
11042
7092
610
3702
203
12167
1972
8864
48
7820
15410
9763
1939
13626
10161
6364
9429
11087
1235
8176
13634
9391
15211
12759
15156
13706
56
10892
2609
8433
7679
4397
9269
3666
633
8251
13673
5734
6195
5440
6853
1491
11007
3548
13924
12716
5243
7883
15999
7219
5924
10721
4853
3519
5452
3593
8739
15497
1047
7225
4406
14074
16263
16118
5141
16045
13960
9754
7542
7248
7988
14152
10216
8469
10929
6686
11986
13142
4755
3685
2578
4006
11786
8876
5652
12203
15660
8194
6206
7844
4310
5473
11183
14600
2526
4667
6678
9714
6907
380
3019
1924
6238
7663
2064
6996
7715
1640
14554
14513
14492
8374
3821
11850
6943
3920
5492
3010
2791
1932
12405
15160
16304
4142
12713
16041
633
6044
937
12205
15788
4134
8178
243
7377
775
10019
11467
11127
11385
12283
7617
9614
3863
15204
6098
14939
3852
1733
6326
5347
6139
10953
7529
7391
4790
5637
1369
15180
13903
10141
11959
13625
16222
11322
7383
809
12889
6433
13148
4320
10019
760
77
5721
1985
13106
3813
5216
15759
2054
12822
11114
1089
9261
11158
1864
195
10484
7084
9001
1023
10181
32
11877
15699
8680
12697
13702
13472
7533
14642
3947
4924
14764
12806
12661
8240
1021
4920
5841
13158
11879
5692
2438
2332
11384
1208
9793
3030
8378
6799
3196
5737
6184
7222
3910
2199
894
15477
15792
14495
1875
10504
11192
11881
120
14568
2123
1563
16290
10616
8855
9323
7082
12794
15408
5422
586
3073
13689
248
10335
11408
10669
4785
3224
5495
12452
7499
7367
5174
1787
14938
3401
12501
1258
5102
14886
7511
3841
11714
15536
4414
12331
7163
6449
14934
16179
12049
13580
8767
9903
13433
13371
8970
16345
15197
3075
1449
11585
166
264
10757
5767
10257
15785
4652
338
6059
5970
1634
2482
16037
15575
10545
2533
5994
14657
5173
4187
6525
11467
3434
6526
3051
7373
6478
3873
15282
10730
10417
1824
10814
3898
6159
14595
1390
6558
8393
4438
16103
13423
9246
12349
15924
14675
190
7247
15974
15886
2615
14450
13667
6174
3617
10563
9732
16193
9761
12667
12636
1506
9648
8929
2905
15409
15945
10005
3239
5679
12023
2082
5934
15665
10148
1986
14409
5457
6254
7268
14633
1810
4190
2644
8690
42
8962
4283
8274
9271
6832
12040
13332
12499
1520
6381
13397
8906
11559
7950
3472
794
10274
2700
11033
5695
2439
12823
9712
13916
3978
989
9488
1034
5587
6115
6886
641
14940
9213
15167
11354
4082
2234
6974
14465
6612
7396
6162
6651
7797
13618
2734
6067
6473
5081
5452
3321
7669
13157
4547
724
79
9097
9943
11854
9360
7483
5225
12538
4476
8227
7127
816
470
14566
375
6393
3042
15062
11579
4406
15328
6579
5226
9702
10100
4205
12603
3355
14078
11704
15039
1604
2514
2959
6884
2011
3899
8602
5457
6085
597
4402
11192
6024
14473
10665
1592
5108
8645
10909
11688
12902
13277
5285
8730
13084
13383
3794
10781
7257
5303
4741
13513
15350
2069
2504
9160
8336
11461
3711
3913
10550
16077
3528
5841
6756
16310
8606
3444
11854
11071
14599
13216
2588
7254
14376
10527
14087
12388
1606
10135
7194
9119
2609
1871
16167
14805
15847
5771
8541
8756
15551
13491
4031
14931
2318
10077
898
11186
9836
15675
4951
7977
1881
13692
13806
9052
2164
12812
220
7142
13247
6361
4387
2238
4523
2516
8608
5308
1011
1282
7521
14949
14177
3351
9703
367
14943
16288
7193
11456
5424
14655
7783
9830
8297
7855
6227
3574
6618
11202
482
13569
3194
7509
12601
15321
3562
16050
10266
1844
13432
9763
10535
2988
13558
1781
5138
16137
6958
12760
3956
12361
12557
7297
2596
5364
9226
1880
4899
1235
9411
15482
16033
5204
1794
2948
14061
12231
5500
11147
11407
10357
15068
7304
14261
11196
1626
2040
5278
12306
15038
13852
427
4119
10217
12541
1552
4286
2114
2451
1925
12035
4045
4330
9649
14201
14804
5637
15114
2221
12311
12271
9944
5773
407
6824
15841
12594
15340
15167
7575
1271
10230
15913
11346
4020
3251
9492
12761
9947
12459
13500
7213
6829
12257
10602
3248
14723
4150
3632
5251
8228
3105
6681
6874
553
13482
9508
7008
902
156
7464
12504
12562
12612
10055
279
10081
2086
16226
16078
3650
7066
7915
2463
13299
15921
9498
4906
14696
5409
1332
15870
6022
10818
14700
11556
10464
6595
13149
2551
14485
10976
1454
4573
10277
14911
2590
4736
7563
16183
4154
14171
6402
9644
5198
11305
2411
1077
2758
11125
11939
5066
2740
378
14364
16107
12033
7505
15591
16011
11684
4772
119
960
12387
8619
2523
10119
10405
633
11771
12201
8514
11344
4868
8913
9328
7254
7967
15830
4176
2502
11140
3766
2525
10763
8557
2522
15469
9823
15166
15645
2443
2273
8001
1020
675
8389
15186
8352
14821
14115
16124
681
8977
2163
3907
3500
3479
3276
3851
12647
8074
14584
3518
3157
1041
15237
1380
9134
4159
1321
12162
5648
1138
2988
13478
1795
3997
5921
11903
10160
5083
5483
9396
5438
6357
2537
8861
3333
1596
11953
14370
15801
6530
5497
7400
14817
10725
12321
12974
396
4262
9441
9743
8443
15296
3288
4557
13323
6771
8693
6084
1839
13154
452
12881
14044
483
8579
3301
3789
9292
7098
15020
7704
6016
11862
5891
9257
4595
15399
11451
11884
9239
12650
3051
4782
9014
7698
7428
7429
5713
10183
4420
5624
8708
9917
6455
7692
357
14397
4052
14763
8845
1653
862
9331
10799
3079
10964
1636
3500
6054
4684
15073
14273
4027
15551
6504
6513
1073
894
5060
9375
12869
11409
4303
14809
454
5732
4811
990
6831
13307
13355
1001
12356
9185
10566
5792
7533
8325
12006
7228
3608
4441
8863
1123
15454
16090
3920
6684
4181
14608
13579
4356
11824
12805
2642
1882
13780
11643
3909
8918
2687
15333
526
5366
9666
14737
12745
4512
2725
12281
14862
15208
5122
10641
10190
4279
4064
11559
658
3690
16119
1490
10615
2973
4436
3653
12482
2392
9198
12851
5682
1645
13743
1250
14217
2844
176
8782
3030
14490
11804
1395
8932
5747
8888
15470
9443
12843
10541
3887
5075
15213
7505
8722
7351
8434
9836
11719
10688
3754
2580
8038
16260
1275
5167
5684
690
551
12395
16180
8227
2253
13147
13315
10780
4831
6664
11138
5122
2934
15873
7956
10843
3691
13394
8156
10869
12349
16144
1592
1057
12856
10183
15460
15089
182
11043
7635
2735
5988
2006
1336
14878
5213
7158
5611
4784
15206
10180
1187
3197
2339
4432
15760
15996
1839
14821
8911
367
8032
2960
3616
16340
13509
10410
4137
2147
827
13930
7082
9473
9027
4517
7177
1559
13691
10905
6962
13521
2229
13712
15432
13959
7244
4035
5076
14797
122
2079
9698
15505
3348
6414
8756
11125
13492
5443
8865
9900
5949
14347
14945
8427
4212
10888
2763
1351
16255
13240
1577
9886
2164
7303
13730
13485
13087
4618
9143
11641
5732
6733
3837
12764
279
13614
6381
6224
1033
2477
3036
14310
8199
11665
5720
10397
4472
8535
12981
14292
11775
5295
5577
15089
8703
7915
6371
839
12158
1383
1418
7843
10904
4179
4320
14238
6689
14397
1000
9227
7226
12839
4420
7218
12088
11130
13016
14493
13256
7477
6116
15598
4576
4258
7754
5684
14665
10159
14227
3659
7072
14837
5163
10357
1740
14251
6836
8032
14868
13543
8082
6284
12284
3561
4329
533
6218
7853
7378
11519
4457
2498
14354
10422
15507
4948
3974
6449
12219
4184
16016
15486
7327
5953
1774
13500
7442
6814
5623
9983
12328
3647
12392
8613
6944
14239
15024
11546
566
13277
15350
9406
8207
2378
12114
4226
10516
6704
10651
8653
797
11397
13962
12627
9025
13955
14759
2552
9773
5507
12798
8114
8420
13244
3739
6401
12433
13370
6042
12898
14089
9459
4544
15095
7865
11495
10956
3258
8955
793
7987
8668
2659
7072
4648
1083
6731
9012
8854
12221
7695
12760
15847
2839
11346
769
8079
10192
9734
1946
7919
11040
12678
11409
9795
5700
8393
12988
10615
12536
11222
372
9772
3047
4222
8342
2605
11851
4952
352
13949
10492
7685
1889
4157
11851
4636
4062
15686
16061
7657
3873
6546
7481
10430
8022
9055
3592
14222
2582
2774
14852
7662
14587
13839
5653
3418
16250
2012
11735
12645
6705
14993
1120
5417
9078
15541
6878
5021
4653
3018
9100
3919
8816
4908
6583
6591
11114
7570
9649
14746
7579
11193
12805
3494
16040
13412
4814
15510
8497
7437
8150
4443
3629
1113
628
7897
13847
6110
11750
5120
14813
15585
5379
2984
14883
6491
4467
3838
15849
2823
7707
10256
9072
4350
2661
10373
16322
3947
8092
4720
15641
2701
3991
12486
11715
10210
4628
14042
1311
2295
1327
13918
10416
330
1183
8887
7253
2331
8075
9784
3642
10378
7342
12800
13161
8228
11236
4671
3743
1624
10757
3767
2255
5184
15402
4706
14264
4999
8874
3038
9585
10655
10764
14812
4690
10345
9868
9333
3958
10705
2551
5076
3974
3226
10459
5594
9029
9801
15554
16372
5551
8208
2601
11636
11695
9056
5128
8368
15749
6659
3193
12255
14884
13188
12939
5053
559
11687
5955
204
4813
5789
14341
9373
2103
10294
16212
8374
10431
11435
7333
4374
12381
3950
13255
13810
1192
14025
9870
3753
11709
10871
3816
9827
14765
15417
6267
1940
1888
13305
5976
1436
7510
13727
7934
15698
3889
13843
15176
2978
464
7060
5819
9927
10721
1504
15587
10116
6111
8491
2956
13897
1175
13919
9432
4335
14592
16089
1643
15684
1691
12131
7537
14957
8764
15657
9389
6233
12161
5994
5592
14109
8898
10984
2490
14532
8818
13257
15005
1148
10815
5442
228
13615
8757
1393
11998
14682
15580
13260
6852
5418
12837
15451
15848
6761
7075
1767
14288
294
12690
7942
15153
1140
10874
8457
1541
10383
6610
14111
13305
15067
1350
10
15845
1831
1851
14286
13225
14875
4311
13967
8396
14912
10155
9569
10406
11327
7004
12610
7892
3614
2742
2628
13816
3319
7310
8053
8585
4774
8347
14286
10935
11083
3253
12575
15638
7925
14077
13783
13871
1227
9361
14681
16314
12851
13379
5742
15590
14282
8542
3728
15406
6132
12948
10248
12445
14211
8580
15765
511
7521
11996
12856
14869
3573
6153
4295
15261
15546
60
3625
8722
1612
12019
1781
8124
11123
15951
15979
13080
6712
14524
8746
2308
12145
7793
11714
3205
11192
3296
12664
7376
1618
8501
12204
2971
13672
4721
9319
11972
690
11066
443
3556
10596
5944
4701
1274
2401
5471
7865
7321
14245
6674
11233
1462
4332
8901
14927
3959
9069
10610
1661
11565
11575
7094
11515
8680
12125
8245
8314
12184
2010
3697
15793
4977
14042
9282
5268
8379
11873
10291
2219
14714
2849
5196
290
8291
5648
15005
1832
9947
6661
2925
8737
8242
7451
4809
11990
14721
939
2712
2319
7291
10333
2262
877
15866
5119
12719
14400
6231
1016
8335
2291
9311
5248
15206
13329
4494
9542
13552
1836
241
6606
10398
5824
14019
4994
14869
1109
16282
4354
12632
8161
12435
5208
8788
16027
3762
7921
10994
4999
608
234
9552
298
5187
9243
7384
2309
11893
8061
2094
13226
15453
10071
13957
1074
7624
1405
6515
14195
7894
2045
640
8347
4473
7273
4647
2303
5852
10492
3243
12229
6531
11598
522
12130
13371
1254
15007
14740
12747
3005
2965
1908
11536
2769
3739
1720
15377
8889
2021
11166
8763
973
14323
2823
4766
15445
11106
7318
10266
3856
11197
7982
9664
9407
13657
9056
4437
1029
2947
1497
14911
153
5780
10169
14338
14175
6255
13177
13945
5810
3186
10762
11735
281
6970
15217
12042
9108
12095
13209
6873
12273
625
8363
7004
5732
9326
8820
7759
5879
540
5057
16125
3094
1617
15125
1057
4234
14803
9085
10755
1978
9485
7235
3458
13054
3858
4267
14501
15344
1446
5701
10873
182
933
4477
12274
768
13641
14494
3443
7965
6462
7223
14896
6397
10512
11918
464
3468
3327
3136
7084
5163
13225
13509
6631
13764
7960
8314
15879
11823
7049
5924
10163
16138
13321
11535
9613
14650
3685
14415
83
3044
9934
9822
2477
4772
3977
10381
2093
15017
7404
9862
7864
3431
4319
1338
13064
8153
5539
14788
9686
9376
10067
15550
219
418
2358
6813
2977
3973
15573
10146
3504
6759
13410
4313
1358
1669
1132
10709
2132
6287
10021
8949
12441
12566
1317
804
4412
12431
5924
13487
109
3008
4939
6588
8227
9865
3829
2312
13854
7290
26
7199
7458
13170
7636
10495
3009
958
10692
7289
5804
6592
9306
11518
2811
8220
10109
14944
11233
7438
1050
4367
3918
4296
3603
4853
8182
8062
4671
6253
10863
11419
15365
1021
6406
10043
13852
4116
1243
14556
15453
4339
2614
15825
5701
15228
11237
5073
8837
11636
13890
15145
8344
8819
713
7779
263
4922
5440
7264
4764
4622
688
14039
4273
7618
13869
1889
12753
11917
6707
3904
15687
10494
12758
2797
7144
12144
5036
4381
8029
9263
12856
2623
487
2686
11638
5943
11439
11640
12205
4966
14638
11747
1670
3670
6273
7606
4554
7863
6133
13643
9672
1262
277
12464
8091
9488
3024
201
14608
6522
5780
10282
6427
6659
610
284
11709
3703
11039
11425
12306
10137
5596
9864
14930
4786
3039
327
9488
1821
14471
11468
5733
1026
9595
9563
2587
863
5148
14619
13138
6698
1796
12067
6799
3955
15089
10936
3452
16018
6265
4527
13466
11567
8851
6834
9243
7706
2898
4270
3887
7516
10566
4743
2633
14457
11422
10913
957
939
8395
15465
6683
6486
4798
13209
12594
1960
714
15491
6007
15843
8518
16287
6935
3034
3179
15686
1729
12649
3921
3651
13558
4877
2132
1012
8112
9088
16000
11610
2011
7078
1992
8111
7083
8459
543
15150
3459
6316
13590
11947
8954
12552
14056
5491
14703
16176
703
4785
4834
7727
15925
5160
14018
7787
1229
14322
15170
11637
4225
13486
7774
10321
15165
3551
2258
10363
11408
2880
5803
12378
15541
15500
5456
15300
10760
13861
11196
13560
3177
15625
3593
12025
10291
8074
15406
2096
11693
1535
1243
13608
12983
8424
5302
7004
393
14976
5893
15093
1910
2897
302
4429
9654
13061
6492
12168
10996
16031
14500
2452
8968
5482
12188
3387
10538
2643
5622
6001
1575
15182
6604
7604
841
6297
3422
1651
13235
8782
6248
7452
6959
5503
15332
11676
13627
3207
3359
14314
12325
10699
3017
8789
5110
5111
13302
9616
12475
12931
13737
7054
8356
15944
13738
6644
2065
9075
9480
1199
329
6716
10715
12288
7684
13578
12959
8129
1814
7061
9551
1405
673
8824
1490
9691
10134
1404
9606
2485
12280
4031
15252
5088
16177
16245
4270
13887
11738
13160
11793
458
15056
11233
5891
4655
13559
4822
9989
391
12623
700
1759
13886
12373
871
8963
4720
3710
3879
7077
4300
11666
14014
6767
13760
14945
14600
13398
8169
11733
7055
410
8108
8623
106
13400
16095
6850
4065
8023
8393
11782
15108
5748
15425
9362
1340
14151
12909
5282
75
12263
13659
16282
2771
4425
4186
11704
15325
1521
10992
6414
13587
9970
14764
16044
6461
12078
10995
11467
3498
11099
4719
2810
10232
15904
590
9860
6788
156
11910
6762
12823
10475
12659
11129
7526
15145
3701
10922
2771
1815
5517
2532
12876
4325
1528
15810
5831
5053
8228
7674
9428
16110
8994
8016
14882
10414
3712
15741
14749
3937
15902
5133
13655
7057
6360
11224
15211
13587
5744
12517
1044
3144
2526
15167
8128
12540
5331
4227
3368
2375
5687
4025
2442
8971
9816
1819
7935
13177
8922
15234
5327
1195
13768
3715
3639
495
12530
7329
10455
6554
2029
11603
6180
10632
7533
1615
4845
8392
11814
5681
9968
1021
2535
4322
7678
15463
8956
9520
16257
5566
7145
11675
55
9822
13199
15084
15835
2135
1828
3267
2620
4823
6125
16034
3915
5289
3818
1448
1918
8497
3243
2563
5602
11561
4642
647
13017
10338
7796
10940
3095
15919
3403
12893
1466
2493
10546
16262
6748
4228
1208
13886
15373
552
2673
16353
7354
15931
432
7916
10789
12248
14173
14105
4536
290
13100
8968
13783
12228
1383
9444
5885
9900
7277
13890
10018
4995
1215
3839
13359
10890
285
7186
6242
15839
2679
6474
16326
8117
14159
12803
4526
12854
14550
13039
9412
9086
12177
16121
3630
3973
12969
4243
15475
7562
6429
5653
3564
3659
14012
1416
2625
1000
4571
3593
10788
9543
8143
5850
13114
78
1894
11959
9693
14094
13479
7501
1737
10482
6005
2030
9988
6032
5111
13333
6415
1378
5135
10071
10601
5840
5792
3101
2911
3221
6364
4826
3800
2626
763
1288
10870
12107
5375
4080
13448
3491
6847
9879
1452
5996
5508
4488
10233
8122
11522
16052
3543
2663
13201
9937
15020
7737
9492
412
9759
4617
4211
14281
1499
12579
3837
4964
7351
13496
579
15694
13430
13089
14516
7146
15393
7229
14897
13409
7058
4681
14367
11894
4741
3619
1563
3279
3718
622
11376
10721
9876
4174
5486
1753
11785
9851
4418
15709
7767
14312
8744
4734
13956
5558
10526
14664
5768
14317
1220
5838
982
3343
9533
15308
5606
2248
4850
1966
9606
15450
16128
8998
8720
14609
12104
8873
12568
10995
14187
14545
2051
7165
10227
3237
1141
11798
8457
466
9595
8327
10846
7190
7328
6123
14021
2857
11231
8451
10444
7216
2536
9272
4956
8449
12475
12449
5676
2095
7473
13550
6993
10930
11257
4708
5335
7622
11783
11942
6986
7655
16071
6508
6983
14601
3133
12758
15447
9418
2524
14653
10832
11276
5035
3048
16091
11668
13712
258
14123
14060
11362
2184
11439
8676
6485
9095
9126
9789
1007
2254
8655
16198
11238
388
1500
12073
457
13175
11204
12874
4320
13155
6345
8726
6775
12078
3559
12497
13272
764
13896
16027
14853
9543
14608
6072
11556
11565
12886
5169
190
2127
13556
2899
9972
5942
6083
11653
464
2071
6113
604
9689
10845
7371
1297
5534
14870
14903
15778
13074
15653
11914
13135
9827
2530
4554
13999
12747
5939
10667
10469
8193
1138
4370
2864
9528
12920
15630
6042
8359
15459
1381
4730
6129
8583
3237
12209
10770
9491
16234
9450
12446
14558
12350
1847
10245
3616
4010
9998
3107
15868
8887
9264
8993
10111
4493
8700
12303
13554
7464
12879
11009
8995
7608
7793
5260
10852
12597
12102
9841
10109
3375
3837
8056
3440
15598
2713
2917
4752
13558
8619
14028
4844
2741
5634
1129
3043
12914
2280
2957
12257
5692
14020
15452
4129
16351
13883
10701
2
2124
2090
11506
16316
6072
6781
13814
8491
383
4549
8237
1644
11561
2189
2914
13094
1106
5541
6155
12192
12203
4456
11071
64
13839
2935
907
10477
12119
6552
5786
6308
1406
8197
2934
4510
1548
449
2437
8256
3683
261
5345
834
10975
1416
6568
13299
1945
8003
6908
15723
641
11633
13539
8395
12611
8932
13597
2988
8408
6564
10470
11582
4249
3676
357
6841
15985
1502
14442
10743
3512
15976
73
16119
9162
12040
3306
9558
16208
5967
12318
11307
15558
15763
4391
12821
6229
189
11235
3020
9565
171
10770
14082
592
4853
13249
15493
4273
8172
8555
13209
14125
2518
6382
4942
10838
12946
7948
2713
9394
13303
2836
13334
602
9510
2662
14463
2781
9377
14213
1267
13028
16314
6374
8947
7886
12840
3854
7371
16017
14366
10669
8626
625
15084
6802
7151
9652
1428
6637
2259
6413
3195
2389
6693
8309
9351
14694
4186
10376
6921
6346
947
2879
8777
12818
15217
3692
14208
6011
7161
8735
8946
4176
5857
5900
9434
6586
10771
10149
7189
9851
2958
15700
3754
14629
4422
781
14629
28
6110
76
13423
11336
1128
270
2037
1580
1978
5150
7671
9890
8540
12802
9321
4144
14586
15009
8291
1317
3677
8280
9524
10780
7981
1981
6741
3715
12706
2090
987
4686
3924
15728
8665
699
2027
6780
9258
7720
8576
579
7806
6061
15715
9209
14623
4021
11301
15590
15309
5420
14498
12348
3591
12744
393
5988
666
1594
1558
12608
13542
3165
12022
4803
14386
10143
15993
4670
971
11622
122
11540
9299
8504
8708
11527
9621
7804
971
8696
4267
10620
11700
6120
2609
11099
10378
1494
13690
14028
12098
12944
15924
6164
13097
9107
6358
5507
2156
13914
6368
4592
15326
7012
10117
7521
12530
8188
2869
274
10691
2610
16376
5187
4904
1543
8836
11450
16038
14032
2353
3951
7427
8315
2959
8005
7788
10988
178
6318
3336
9453
3127
8932
502
13602
11589
16333
8191
10676
937
2756
15178
6290
5088
5113
4400
767
2494
2337
5486
9632
12169
1307
7591
15100
184
3222
12655
8350
15676
8088
10083
10035
5413
3181
1468
12304
11899
14720
13147
11147
480
1357
7160
5768
1964
15015
2657
15111
14123
13406
3595
12552
3969
11630
840
5842
15778
6711
6431
7267
1821
14656
10506
10841
5912
14913
8771
14908
9213
2799
3536
13212
14675
9856
16132
5722
13777
872
10608
9704
1880
13311
14324
9373
1153
1979
7952
9498
10391
11946
4766
14086
881
463
13018
5688
1389
4008
13418
8877
14627
1032
5929
4911
2861
5169
9765
4872
11182
5649
1325
3291
8896
7843
9544
141
996
13308
4737
6243
15980
1902
1410
10582
10862
15617
9174
599
3295
11733
10822
28
9254
12815
14475
4882
14694
13754
5791
3729
9118
14450
6657
11870
10858
10532
13692
16155
10324
6100
14024
10320
10392
12735
5019
10607
5250
7855
7671
2219
871
2082
2252
5451
9352
15287
11895
1534
8211
5100
1145
11764
9419
11763
6672
31
10908
479
5601
6230
9040
12665
6664
12989
6525
4442
7985
1473
11544
315
8410
13971
7641
1589
10048
13298
10125
11029
12668
14563
13409
1711
13122
4951
2336
1307
4801
3801
5016
14817
14365
939
5240
6341
4771
15162
11896
13632
1814
15928
2970
2578
15029
7046
11145
13394
8414
7444
4750
9602
13357
320
2555
12467
3436
13857
10574
4833
10406
15373
14389
15414
16074
14197
1793
11833
10384
2160
6189
14936
6273
6973
12884
15408
3827
13865
6128
411
15433
8153
13198
4562
14242
10651
7671
2373
12566
14622
11905
7257
10590
6676
4742
4890
8204
9903
5432
14306
5254
8011
2185
15420
14154
753
13182
14477
13117
16123
12903
3126
2352
13802
5997
11278
13739
15309
10295
13317
13123
16003
2695
11779
13098
9696
3733
15152
15874
15489
12746
11345
5506
7318
10020
5111
15315
3135
15334
11427
8702
4409
15327
15262
13253
7753
1676
1949
8491
10572
12907
9886
6353
14897
5526
8565
13049
7872
6931
1221
13654
5585
5987
11185
7130
11294
2852
9397
1849
4080
1049
12012
884
12754
14956
10437
3683
13769
10010
16179
15430
4514
13686
7270
1405
421
4687
4275
14328
15461
16366
796
8673
14593
7637
9921
2729
7738
15307
13969
3387
14280
10049
2398
3161
13368
4867
5236
4347
3508
1418
4790
1252
9925
15434
6245
8473
6708
6024
14265
7564
688
15119
2445
6431
2927
13748
13223
3871
6925
13870
8006
5211
2997
8194
12759
12953
15656
10538
11113
3768
103
764
13170
14017
12135
3421
13501
12902
1307
8305
1004
2815
13193
8949
14023
6856
1306
2510
4403
3491
13298
14808
14561
11239
15558
11114
12462
14425
9121
1171
6309
8578
993
10653
15831
9171
10065
6571
150
12337
2453
566
4528
2404
7858
3976
3623
14168
8776
1632
6018
9569
4807
6803
9865
6152
11891
4582
13609
3206
12205
15594
9620
2937
14979
10026
8600
8880
15831
12787
11227
2175
15640
2108
6083
12117
4024
2195
7874
11414
4863
1727
5975
2384
1879
6351
10066
13247
15780
5674
6123
463
14159
11098
10341
3767
392
11606
14240
4785
12807
483
204
7523
2360
13764
219
8890
6589
14978
14555
14366
10449
10379
9939
12216
12964
16324
14013
2300
1449
2575
2945
7007
6469
8768
38
15002
15780
14372
1547
13895
3400
4401
11253
14380
12277
11793
13057
12460
364
12590
12537
8190
595
1354
7304
5976
4200
2432
15276
7856
9135
2475
15074
12192
5647
11002
7971
12141
9667
14956
12843
9039
15207
2798
4543
12902
3511
537
1315
15128
1202
6221
12581
12599
13512
4534
14461
8899
7754
2372
1287
15580
14208
7157
5585
8460
1678
2410
8963
6144
2922
12338
8309
2418
314
2678
12857
5367
6541
9405
8834
15566
190
599
6202
13382
13266
9029
15127
2492
8525
7032
5252
9849
8917
14854
2925
11531
12577
1462
15129
6436
8591
5916
651
3659
4300
12007
6874
11539
8988
1120
7227
8946
13751
13579
10000
6066
14022
7027
10803
8260
2331
7187
14148
2480
1621
15279
12979
4267
15443
15334
7303
14150
281
3303
4916
16315
15312
13322
9785
5966
3806
2844
10441
15650
10436
15417
15284
4258
7346
14656
1018
13376
12673
8854
11441
9683
15571
10930
8417
871
16319
12715
1192
12768
11112
5060
68
7245
1005
4512
2499
174
4152
1148
4450
778
9157
583
6846
12630
3480
4268
8199
116
435
1107
6959
10086
5184
15208
11801
2066
13057
12779
2320
5400
2847
15554
717
12653
2361
8338
12668
7619
8574
10632
3464
12355
4918
12049
1637
13755
6719
10230
15930
13830
10651
7300
4824
14903
1271
11262
10158
4997
14969
11910
13827
343
12947
14405
9431
4035
5741
1546
10686
6040
14910
4766
3219
13840
539
3162
9194
1536
6607
15175
978
7071
15719
6803
7725
4436
9884
2310
12472
2410
4676
10215
14962
10414
6292
3188
13702
5478
2910
9390
5864
11983
795
3935
11531
834
13264
12470
11956
12068
1357
9692
9831
749
11954
5673
8424
9522
9078
6307
4262
3883
5865
6876
8830
666
4823
12691
11032
3642
9540
5067
15151
5293
2094
9385
8774
8705
7130
12291
14723
4457
4429
12703
1236
5029
9200
10616
1197
10162
10597
11125
12169
13453
11375
13318
8061
13659
3772
5259
13003
10832
9521
7270
2646
14877
10482
12407
1990
11127
13277
4651
15829
1273
1445
3207
11832
11555
11722
4424
13228
11797
6416
4931
178
12957
774
2496
7752
13726
1993
16186
12021
2569
5203
15516
2886
5319
1641
13261
8903
4547
12125
4043
14577
13411
4808
9218
5893
7538
6804
4920
8593
4386
13029
79
6968
125
14853
7081
11127
7167
15480
9967
8912
8301
9811
12450
2045
6684
12118
689
4549
16303
3504
5358
5978
11581
9632
9810
15332
11955
10106
10717
8739
817
607
984
67
15906
8376
6223
9641
12438
8319
8399
3251
11144
14787
509
2872
12375
2601
6662
10707
3730
2522
2463
11728
9867
14620
10784
12998
2681
4088
14087
3561
7199
1805
14673
4032
13598
5442
10470
15789
11419
3533
15440
11752
700
13941
7354
11294
5513
15690
7024
578
4600
10315
8357
193
15726
9648
15295
10694
13036
15167
15299
13599
7056
7071
5427
10946
12155
366
771
1215
12716
13026
902
161
15080
2488
10886
10246
15548
5376
12145
11780
14739
8920
11326
6480
10145
12048
4264
5188
4667
1918
5794
8246
8356
6927
6622
1010
9347
13710
28
2269
14269
16260
8628
7194
8399
241
13297
2624
8424
10184
3348
8996
2283
12956
14493
10442
7173
4017
8441
1475
8153
13114
2046
7872
6238
984
12947
7712
15217
8545
15208
16098
12359
3919
12183
1650
2399
430
1915
8646
3576
14408
10253
4172
9537
14258
11464
14778
12581
658
9918
15101
7117
9404
15324
9231
8565
6359
13420
14523
9323
10990
13662
15054
8206
4712
9700
13494
14348
8265
9962
1264
8178
5489
1153
8281
14660
16177
12578
12080
12773
2723
883
4308
8179
3949
6771
12794
9842
157
1321
10824
1843
9039
15732
13835
11939
13320
13766
14553
6899
5117
14922
9026
14332
14527
12554
11167
12021
9982
7213
4601
10194
14458
2917
10575
1869
14109
7695
4505
11715
8819
10273
10473
2032
6568
8674
9136
11212
16142
1820
7588
7514
2443
2362
9505
10046
8715
9881
6028
16212
8101
9519
11238
7146
11761
14132
16011
11108
4456
12116
6661
8131
384
12637
188
8714
3054
9514
4752
2899
167
7432
12519
4047
4953
14857
6518
4158
12786
3677
9266
6237
3131
7371
12554
3332
8137
15145
9168
14194
1321
1922
1278
695
5577
7748
14472
6363
13754
14782
7610
5708
10507
8263
15128
9857
14321
5857
12714
15767
473
11708
10120
6293
39
11216
14045
7275
5420
1178
13437
4537
1974
6286
4563
11504
9082
5283
9210
16037
15695
992
10867
4819
10707
4030
9653
3510
7767
6394
2827
12108
14815
14400
14129
8463
6945
6087
14731
12387
9566
7536
12557
6887
6212
15161
13815
11456
4064
1954
9309
4397
15938
8482
13474
8567
4803
5815
3815
5061
6229
14783
1746
7576
9540
1889
16305
15638
750
3495
12094
3255
13137
13709
2545
833
6493
9050
7107
9902
13459
693
5879
11451
12929
13850
10475
4313
11372
2413
3017
10673
2803
2562
12220
12839
1084
14499
2600
8199
15181
12950
10549
8510
10058
4647
6344
13825
2064
6672
12096
10582
12419
6747
12678
5293
14607
522
3343
10049
4271
1910
6183
14653
13491
3880
11725
14096
7238
12641
12179
14603
7104
14968
815
3713
9847
9024
1822
6803
4461
15809
14565
14205
14119
824
3258
4733
15091
14506
13815
8712
351
1069
13467
4459
4614
9798
2054
15322
1569
2243
14978
7433
9108
1190
8293
8228
2168
16159
9126
11274
1495
2179
1593
2101
7582
3837
7364
10843
11803
8610
3112
11073
15589
13580
12949
10382
8086
11608
13365
12454
14847
6060
13926
1602
11134
16030
14101
15752
2859
916
9454
9770
10857
7188
8359
15571
9643
3900
6088
9763
13860
15977
7628
1343
4329
9763
11806
13504
15033
12917
13457
14085
6540
11933
11547
10815
13741
3235
10632
4176
1045
7578
6819
2285
10310
5156
4653
3340
1771
7779
2626
13823
9002
13773
16151
11299
10946
13476
13857
6700
8120
10469
920
10555
14362
12720
4718
9630
7052
14465
11594
8427
4126
13971
3146
12721
6630
7788
14378
10480
13819
3747
6560
10077
3797
1464
14431
11602
9785
12042
8752
12100
1588
9336
3507
5944
8378
6767
7582
15810
6551
9762
161
10545
281
2003
1665
2713
13989
6388
9228
4351
10596
16106
13516
12684
5894
15031
624
13600
6694
7117
5765
5907
7025
6764
14573
14730
6744
8149
4278
14514
14687
3640
11638
7373
2408
5126
5557
4022
7142
13866
2554
9262
7402
5558
12903
6341
14040
11740
4307
4685
8939
9636
13855
12697
6874
10466
15065
6794
10707
1071
11820
2796
6439
16136
6879
10231
9645
1661
12129
10887
13464
10002
15808
9219
4761
8732
7552
9927
15697
2102
10717
12169
11050
11770
664
8729
1078
9171
15383
13678
4628
2315
7248
6942
4610
8932
11288
9164
1087
14542
2255
8972
15989
2938
15705
11915
4556
8865
12302
14747
8804
3233
3350
802
12907
1356
10810
11065
12299
10345
2606
2862
4679
2340
14011
7171
15224
3347
11774
256
10977
7715
7221
10059
11636
10267
2504
11891
9324
12841
15182
10395
14791
10077
10085
13393
4507
2508
1003
8583
534
13831
5973
11695
8649
14412
3576
15398
3473
3142
4634
10338
6744
5277
7085
10336
11539
8909
3540
289
4579
6891
15938
16123
938
967
5453
14095
15792
11128
14642
13218
14719
3447
2060
191
10857
2387
5299
11182
8320
872
14311
4454
12289
7387
4663
3578
16336
1209
4788
4770
6245
3937
10831
3272
7116
10234
13084
7537
2135
5842
7738
2200
8004
5693
3820
12609
123
14847
15246
14379
2731
2101
1065
3742
1392
14148
12959
16268
15442
617
721
12232
9202
2317
5513
3468
1581
5766
15181
7992
7808
1303
14273
13347
4792
2456
5736
8701
6373
1265
14936
15977
7277
2037
1550
4205
3598
10137
5264
948
10501
2584
14992
3633
861
3496
7020
9531
6658
13853
12951
6003
1264
13019
12045
249
13212
9153
14459
3816
15696
14745
1956
12841
14850
12840
10863
7530
12998
7754
8054
13664
13625
6099
9981
2654
7081
6611
11017
13032
2689
16156
8772
14336
4868
15423
13316
4383
10933
6913
1132
9737
15931
14866
15942
15376
4958
10515
15627
278
11129
2009
9111
3892
4263
3969
12930
7094
6353
12832
982
14764
3521
12154
8281
13068
11032
8082
3335
5170
4107
7442
4745
5795
8969
7954
12508
11593
14825
14494
14286
12345
5809
616
8456
3292
8386
7512
16323
16005
7473
6636
8159
7998
8600
1074
9717
6840
12635
9619
5389
5036
12105
4630
9710
5668
6196
486
11034
2401
5280
4827
8203
9106
3913
14581
15516
8764
5134
7102
12847
5155
11887
12396
3190
254
11894
14614
13149
13948
53
12277
10119
5446
10789
9676
7198
6986
7018
11356
8573
9778
12726
4807
12706
10335
16379
9472
8924
2269
4990
16286
1256
14577
8369
13164
12447
7832
2133
3691
630
3816
6919
11714
14950
4896
14496
5847
10989
3861
9612
11917
3755
8563
13940
1246
6231
9943
13555
13765
6431
8987
4564
2703
12114
4186
16305
10334
390
6886
3421
5282
1712
12046
7876
13768
9758
2600
1942
3031
11284
13294
4838
6896
16122
11463
11578
13792
14094
7867
11142
7608
15471
13709
14573
759
6138
1797
13770
11072
9471
4769
8968
15856
15251
7187
12412
1802
7057
7784
13527
11908
14098
665
2368
10307
2524
12095
12609
1902
15589
6649
8104
1535
11919
13870
13635
12888
5420
2723
12592
9080
508
2379
4304
13831
199
696
10744
12076
2072
5431
10678
3329
2246
15705
7169
14670
14700
15737
14457
2755
2199
5401
6059
10194
12530
12752
7960
10539
15314
14395
1797
7885
16157
11239
14598
16340
1117
6892
1146
5828
10104
9639
4944
236
14652
14585
11827
2832
8159
10006
15208
8521
6569
7641
11734
3042
11690
1880
506
2418
15374
24
5214
4684
12053
10705
12240
6394
15127
363
288
13320
1003
7862
14579
7319
16228
7094
4803
2150
6921
6868
15092
9048
3999
10169
6112
12240
11914
14587
520
5797
3091
16336
7541
315
11056
9092
12270
9127
9876
1815
4034
8922
9217
9132
12388
7717
737
4742
10898
1083
1491
8231
9332
3309
14154
5758
11457
4497
500
5016
8009
3035
8399
4690
10948
2565
7108
12128
11681
5707
10644
14016
13125
9117
9923
15959
12378
10430
15265
15334
113
6466
6061
10003
4926
12344
9697
16074
10261
8425
3581
11271
5937
14369
13485
5632
9240
6439
11991
13451
1903
12553
10801
4227
9330
16195
3462
1908
190
972
8117
2319
9066
12258
12837
11778
12500
11859
8830
7332
11241
5802
4432
12908
9161
8315
7244
10423
10672
532
15446
7063
5419
14749
556
15208
12916
4610
13314
9415
2333
8208
7949
5386
16071
10829
7241
15745
12925
13818
7424
16383
61
12915
4655
7011
6443
10285
10581
6608
11103
15894
6348
5512
5276
15604
15613
11508
8595
15237
13901
7593
15609
8906
11549
12676
12324
13899
11321
14863
13635
2099
13208
12101
4260
7606
15216
8049
8397
16087
6911
4649
15789
4442
5580
14430
13446
5830
9279
1693
1931
13715
1212
1305
9745
14086
6312
10768
7079
1298
7823
3069
14294
742
1505
16377
10209
13701
10115
4142
4845
5283
7443
12882
11468
5583
12362
12811
15729
16231
6622
10618
9872
4160
9744
14895
3315
9374
12677
15657
15864
10620
7137
7459
12883
12715
5652
9488
10631
14765
6495
956
11740
5238
5222
9829
3568
11274
11622
4410
6279
8010
56
16313
1402
5248
10043
15943
16163
11655
15449
2867
15484
7063
11327
11421
3097
9298
14425
13255
2435
8799
9083
5600
11127
9246
14778
12354
3647
4641
9357
9243
13415
10459
12433
15384
1729
3221
14725
8571
13195
12528
13362
15231
13172
8913
6319
14548
12240
2986
4091
7654
479
7035
15596
16251
13401
10866
637
10118
16372
8399
14394
11555
2074
14327
16125
4001
15576
12888
15993
1213
3288
5224
6775
5988
486
9683
15031
16130
15633
7209
6803
8832
1590
9723
1069
958
12621
7043
5996
12184
9616
11820
15430
11722
13276
14286
3325
5381
15586
972
469
12872
14821
13073
5246
6997
5125
8288
14784
4400
6253
13961
2419
13401
13668
8064
12371
13168
15045
2777
6496
9122
15075
5785
2707
1942
16366
3665
10591
12888
12126
15729
8615
3031
13291
4830
5966
15842
11015
16209
13968
493
6438
5757
10390
5785
2317
12162
12229
1620
9720
898
13321
14540
15397
11230
1346
12956
14744
3614
16073
12387
7834
15027
9238
3839
6923
8074
8547
11442
9067
8827
9459
9755
5406
1890
5177
12088
878
6916
13703
2659
12412
9814
16045
5660
11037
2523
1923
2680
11734
11788
4027
2156
891
15465
15259
12132
12444
11276
630
16309
14608
1168
4856
11454
2745
7922
15302
3987
6829
15824
13309
10511
2423
3608
10958
8854
4673
4519
963
12568
610
1730
230
10147
4092
5415
14546
1829
12144
14725
12582
8709
2366
2349
7843
3273
10412
15815
13117
13058
8889
10711
1515
675
14605
14751
257
2379
1472
2631
4195
1887
11369
5785
12642
10395
14284
15294
10875
7434
609
1164
11936
12575
4828
12450
6466
2288
13269
5694
4697
13144
13502
11489
1436
8076
9672
15373
11182
13131
8873
10183
8714
15411
1390
2836
8425
767
14068
927
11144
244
6244
6220
14486
4554
13433
12767
6396
2403
2855
14593
8683
13174
5318
15264
4514
14237
14282
13035
4008
14310
3097
14355
13383
12554
15945
4264
9239
12560
5754
15171
7943
15867
5946
10186
2238
15158
10336
14975
14429
2988
2434
10174
5866
16336
5471
884
5
3920
6755
607
13053
622
9774
13786
8174
13557
12246
10340
9905
2850
12003
12439
6700
8928
11154
11487
8893
14335
16084
5274
935
10335
1416
11723
7131
9465
14660
8593
16162
11064
6978
5999
12751
11913
3898
422
8090
5405
2537
929
15282
6451
10469
7050
15424
8253
14179
3494
12230
7498
5647
12990
5224
12056
12143
16092
10225
15429
4827
129
9390
6432
10201
12281
208
6681
5871
124
558
980
8230
9618
15309
6778
15359
11826
13475
15603
7808
1890
10334
14251
4212
8641
6921
6167
3313
7085
9285
11825
8655
7081
10945
3958
10433
10501
15943
11591
13145
8453
2923
5452
5339
2846
12661
744
11034
2949
14029
8272
12456
8171
3094
11886
2188
8417
5669
3098
4912
15533
7990
11022
11996
10394
6829
8845
15131
4850
4236
6293
13339
1661
555
4694
8672
6241
4899
11972
16137
9100
7238
12929
12826
7340
10065
7265
844
8056
14355
569
7799
668
3451
6514
9520
9855
9762
4073
2014
2948
4845
2295
13174
6499
11558
8496
16240
3195
2973
3114
16194
13807
13472
4779
476
16341
9966
7947
8201
8447
14960
13219
2073
11603
6512
15081
10798
5018
11790
8069
14635
7727
4184
4555
1384
16051
15676
1119
10483
15132
4140
15010
10364
14944
871
9070
7719
2979
14879
7082
1719
1802
8067
9567
6757
6218
82
1620
13054
2187
14263
6947
3548
10809
3103
3318
9412
13447
9720
12167
13
3148
1249
8347
8510
12006
11327
11536
1701
2937
517
14911
5076
286
8656
2102
8814
15747
15767
14479
6177
14845
3973
7080
2700
3816
6320
12499
7776
5444
9262
12795
3385
516
11964
14085
11364
3187
3270
5598
15581
8954
3974
5791
715
8865
4473
11889
8171
15832
996
6922
10008
8123
6722
11339
2379
7585
15442
7278
14882
89
12871
14295
7900
991
13315
2786
6655
8511
1155
12380
8856
9052
12028
10109
5581
7893
8168
6044
4874
12310
1175
47
12797
622
5085
1017
9913
4637
9175
6495
8734
10561
10978
8337
1537
12495
10844
13498
13726
4396
11022
8101
13886
9841
489
7010
15376
10909
6410
4680
10349
13627
1224
13846
7467
11996
15476
5271
3452
4256
9077
5119
1975
3169
6462
11237
12601
14008
13094
1598
13098
15416
13286
4534
11535
12266
9939
11244
13795
1194
2820
13325
735
4986
168
12020
10927
3939
13160
12365
8109
10769
1375
2384
1710
2572
14273
15499
9602
12337
9665
11731
6504
2796
117
4016
11184
5249
11987
9874
14035
8996
7067
9995
9025
5816
7352
8106
1051
11080
52
1231
15870
9779
9884
11045
1620
10076
7253
12582
5402
2068
1934
4111
10897
8400
8221
9281
7267
9999
8576
11266
1463
1977
2971
3571
11878
14146
9453
5219
519
3172
2446
11445
11617
5067
8613
14886
6283
13572
4899
4829
5228
9043
4712
5966
2814
13494
15892
6075
9083
11209
3719
9436
6861
14737
10370
15805
4331
1664
6665
15133
12707
2620
14916
5815
6686
7897
1868
5580
5893
7304
9927
6752
11460
4210
2256
14648
9650
3932
15749
649
12713
4469
11630
11512
15330
9491
11199
3427
296
8589
3272
9249
6264
15292
5198
789
14676
11444
9552
642
15932
4822
5876
2683
3418
15706
6160
12897
3832
12195
882
13702
13394
12435
2909
13408
5745
8710
2152
15309
7895
10759
1842
14483
13767
3685
12733
5820
2140
15924
6954
9654
1684
12643
15610
8454
6669
13046
2204
14275
9494
5392
11957
14360
9214
4189
1756
5710
6060
8020
9881
11135
12606
1172
925
10016
624
992
13250
1186
10764
6119
15569
14266
15263
13579
7719
7606
6225
5867
15404
7742
11976
12355
15892
7329
12463
12867
6512
9815
674
13562
3317
13432
700
7596
12859
1619
11845
5470
8077
3383
8722
12363
861
11283
4359
8949
11327
7890
14854
13090
14867
14397
14344
14685
9226
10949
3127
8922
12166
13135
1123
7174
14358
3071
6867
13357
3089
11612
7142
15624
10625
4963
11892
9171
3040
3908
13744
5017
13339
5133
1621
916
2410
10565
11362
11347
2286
8120
4739
4359
3583
121
1559
3201
8218
603
5647
10789
13394
615
6701
9551
11764
2082
16069
12098
9236
6917
9470
9093
14864
1855
8310
2562
6480
12126
12270
11152
15086
1142
4137
11098
1550
13444
15624
333
11298
5834
7087
6992
10152
16203
7142
16000
6221
11171
2451
12201
9486
45
13769
2650
1109
15187
11461
10104
14127
8903
13717
2076
3060
6700
9872
790
14060
16015
14549
8725
5051
8451
12712
14839
14652
11268
11600
14886
14329
9363
16314
10434
7187
9975
10098
6101
5034
8438
4948
15373
4838
11112
5090
12356
7586
7270
3685
13661
7555
12603
12166
4936
11877
4441
11911
12668
7746
3917
10218
11355
878
11645
7646
4331
307
9411
11577
5769
2484
8558
8445
3217
4382
11363
6027
998
7032
6528
14333
6756
12873
5066
1980
11231
12564
1608
2347
3854
1755
5402
9164
4965
2316
6161
7045
9091
15394
10324
14088
5351
15766
16227
1585
11851
11117
9641
5142
3815
8849
8406
2452
15014
5347
10501
8341
4481
6564
14417
1720
12376
1440
11063
10121
1253
3651
9815
14534
14566
14055
7122
14552
5167
15945
3510
13262
14452
7841
2952
12907
10657
6095
1790
15307
2564
1505
11383
6146
14910
2130
15319
1662
14378
1187
5070
5514
367
7268
14900
10598
9405
16020
15582
12181
7506
809
15428
5611
15373
9970
5147
15730
16193
11207
80
5110
10490
11912
1355
3795
5277
1858
6369
11187
2339
2270
11746
6104
11768
15304
6774
7762
6693
12820
10873
9325
15316
2684
14995
11492
399
2636
15107
11444
14915
3261
4348
15464
11191
13967
12145
10947
5489
16381
14552
9576
1635
825
13302
2469
13089
7319
3640
11502
5564
16080
10557
11697
7884
9699
12524
1026
3177
12414
15041
11516
5852
1691
4979
15084
10101
10190
6816
5791
11201
7891
10854
5224
6703
12275
12429
7920
710
11762
3662
5236
3589
11135
7512
11822
8143
13526
3800
1649
9439
2433
15463
9948
7005
4343
5273
1294
1390
8184
16256
98
6874
9342
15157
3842
676
963
10411
2593
838
8946
3160
8542
10580
12489
14993
4642
12217
3365
12311
12826
10144
411
15652
864
13989
2822
1582
12931
7216
4203
10871
5462
14860
9596
10189
738
9322
10020
15474
8070
8477
9587
4151
11947
14898
8220
10833
2652
10709
4449
5986
10365
7009
966
10677
11947
1156
9636
1807
3431
3762
3031
15612
15397
6838
14245
8520
13596
9026
16274
15778
14119
1563
14135
11094
1348
347
6249
10176
1385
3220
13689
16170
7574
3243
2502
12293
6264
14399
15177
369
213
12696
8708
9330
3311
5150
3469
10533
8122
215
1709
15423
3127
14075
224
470
6498
13844
2250
4551
9883
6288
12568
122
9379
12147
14966
1710
13021
11499
5616
8015
9469
13898
2458
1863
1935
13674
40
822
11748
351
12176
2281
6849
5832
3816
10757
9701
5173
320
13097
15167
5499
8243
4023
6921
1731
5628
10908
11975
7110
9019
5268
10667
7196
6069
10249
1922
7574
1549
15656
5519
5675
6665
11675
15167
4138
15497
8597
9625
12390
4496
113
11676
15606
4487
3955
12618
4736
12312
4726
13986
14534
5724
16248
7843
10126
1491
15947
13861
14646
6429
3219
3938
3702
5061
7197
15417
9456
3291
6361
10951
4681
13789
3097
13849
2981
771
14644
4527
738
14395
6219
9966
13567
14344
7891
6630
8059
1399
1517
15037
9878
2565
664
11418
3603
10149
4767
14808
9088
12737
5161
5194
5282
4451
12420
2670
14323
3144
7209
9561
12898
4076
6400
1264
9966
9341
7765
15400
4127
8661
1007
10399
16266
389
5584
2784
2537
15060
13878
13213
546
207
9009
8489
2961
14164
12326
2721
3844
14129
12840
14068
9512
12015
2544
13116
6426
14206
14566
4877
5237
12215
408
11096
2385
12337
488
9760
2785
14390
9061
8142
8342
5738
11811
8666
12456
365
2928
11304
14272
1624
2655
13226
3822
5501
1163
9295
15942
9794
12506
6570
9523
2822
15767
12451
2715
11191
15785
2169
13926
2417
13499
15678
12131
9908
6428
1955
5394
13522
3307
9000
7054
10612
2569
2554
7814
3207
1962
2855
3089
1935
7776
5818
11809
8899
4828
4276
1891
14972
1686
6135
7435
7765
16223
8926
15685
15491
15704
4565
6642
13487
2877
2400
13692
8161
865
9860
3970
13313
12098
2567
15170
2463
5037
6438
10533
4740
5574
13350
8938
3322
713
657
3951
503
1423
3401
10921
9834
14488
6501
11864
771
8527
855
1781
2345
8789
3838
521
7924
8699
7888
11831
5638
5977
4661
16265
2659
10031
14397
10114
9571
14531
2047
14495
15874
7963
10860
770
4513
4709
14879
4983
3938
7213
9098
12988
9074
12148
6932
6233
15854
13465
3544
15705
9190
13479
3590
12551
1175
15727
4329
13474
11505
7478
8567
16116
3043
6179
8989
15438
4887
14150
6659
9964
5037
7981
2925
15861
14333
10366
2832
6804
5914
924
2678
10654
14275
8646
2523
285
2369
9057
10488
4814
14216
14013
1969
10933
5129
1412
8899
7282
7777
2619
3768
13010
16051
15882
2728
14047
13727
12130
15613
8259
3201
719
7544
13494
4477
15417
10373
10771
41
11667
33
11604
13602
6097
5806
4782
15158
3915
7392
1201
10930
3022
8386
1006
11535
3276
15358
506
14682
3838
16210
44
12381
721
2568
8122
2145
6921
1194
5693
4216
9489
1807
12914
4416
11868
3979
3846
15770
12668
4294
8964
1519
6043
11530
1518
12264
9701
8358
3246
1176
5613
468
1526
10025
11411
12277
3953
5401
14112
8516
7972
3686
10415
14782
6443
127
10706
14471
12729
6174
12897
2837
2464
5527
14188
9247
9601
8588
9791
14655
9867
8691
1852
9364
11691
6162
13038
11411
5835
2484
10623
14284
4779
14094
1034
14138
3359
15354
13989
6819
1385
16309
3932
9579
11328
1446
3218
10123
14484
2108
8023
7417
16349
14198
8535
9378
9639
11012
14924
14650
10061
14213
16296
9411
15939
14865
15458
6162
165
10960
4179
7612
4612
9836
7962
1016
970
9689
3924
1365
11359
1785
16159
3754
3796
1851
15032
9970
5648
5398
13812
2007
10091
825
9695
12786
16
4453
5094
577
9353
14778
10532
542
10070
3777
10874
4375
6001
13402
9216
4411
14780
7198
11823
4086
6757
7645
13525
8525
11921
12934
15303
7600
12045
9953
10091
16093
7709
10009
683
15191
1553
8276
10201
14516
11737
11506
15059
14088
11352
5885
1628
7166
7995
11847
9158
12896
11038
12017
1221
8480
14866
12096
3538
11199
10733
8628
1256
1792
9095
2274
9623
14475
4830
5308
15260
6317
15688
5634
7840
5965
6909
512
2811
2293
8516
9938
12248
9847
8765
8061
4657
12352
14424
15567
6577
9622
8206
5713
8337
1616
926
10783
9122
11513
744
11542
1464
13135
14690
15665
9238
138
2679
3391
13922
328
4177
6884
15128
2263
13923
16011
11252
6145
15784
5848
11832
5576
9237
5777
168
15231
792
13134
2238
5529
10318
12004
6499
1541
13415
16144
2437
8706
4627
14101
10878
1347
5426
490
15602
11601
5812
11141
4883
462
6296
5430
9966
12449
10184
7539
10120
2114
10049
8184
5867
863
9575
3226
4510
2585
6156
15044
9256
15654
162
5454
10705
7099
764
14945
10176
10267
13221
10957
7035
13877
15755
3125
3525
9381
13929
14170
555
12280
11041
10838
3399
9083
2190
4382
15594
8836
5097
14678
15453
5443
2564
13366
12499
8071
12139
7344
2736
5321
11762
10272
8896
14765
14463
15065
12887
10588
5423
6092
11355
13229
15028
1307
9501
1343
3614
14643
7964
10230
4673
8928
8330
7457
6766
9106
9510
10911
4354
7109
10725
7049
11160
10033
7406
1919
9372
1809
14278
3000
2489
7544
2803
3259
13309
8988
1248
7780
2132
15119
2358
4744
12967
437
11604
8854
4061
12688
6910
8118
8995
13268
3186
13349
4763
8712
14187
10899
10771
2054
6150
14545
1628
1106
15430
1268
11851
3360
10586
3354
11595
15274
1834
421
2737
5070
3179
14378
6583
5071
12383
4462
4169
10019
138
10023
10770
5505
4493
13402
386
7743
7570
1656
15532
1378
7771
11543
1893
1436
1169
6168
2780
12916
9098
8702
11411
10715
10489
7329
15837
15957
15967
1988
8773
2239
5453
3340
8464
15343
3000
4511
15847
6619
4849
14809
5607
9463
11069
12613
13979
14944
4834
11465
8318
15013
391
12596
13278
5249
6707
8364
1131
10395
8340
9064
14394
5424
2834
2869
15243
13651
11220
15723
7194
12010
10275
3090
4430
11870
11070
2834
9736
1108
9740
7025
8014
4802
3235
8162
6178
8127
1000
2681
2276
102
4648
7962
778
6451
14681
3893
9523
7696
6240
4577
6286
14226
3678
11467
2190
7706
15698
4673
4543
13643
9809
4371
4086
2598
15979
4460
1446
7162
11526
14166
12758
2792
8546
12046
1864
9872
10957
1971
10890
4955
10504
14095
2807
1107
2427
723
6743
14797
13652
10951
11502
13221
2400
4065
7794
7288
14959
14794
15369
13655
3111
15172
3608
13219
14532
15918
9607
5806
12146
7107
6063
9649
3468
12242
2052
14910
14204
10958
14996
5659
4174
4457
3345
9231
16231
9472
3130
15141
16348
6523
13013
6368
2599
16027
6221
2419
15991
2456
10352
7039
9334
8141
15697
14659
2711
1220
2289
16175
3633
13240
10488
2770
16083
1519
6937
8535
5704
7411
2050
1227
12654
5967
1140
10202
15023
6571
8264
10626
2433
6636
6399
7693
12938
2260
7074
5263
3182
3304
6475
13344
3764
6535
3408
5318
1327
5011
2703
509
4711
13687
11177
10979
13112
14419
7810
14574
2738
11846
6779
6222
11544
6808
6317
11087
422
7535
13108
7374
4042
5317
2694
15668
12025
15828
14863
9668
12747
14177
5861
11294
15837
3533
8249
1286
7765
13732
14522
10087
9469
16237
5479
2203
6642
3908
401
11997
9026
9469
15363
119
8354
8957
11729
6188
14680
7790
5286
8904
10633
9341
1635
14088
11650
5295
10178
4762
2755
12350
4492
12401
3283
1756
5380
4196
5510
10041
3225
15306
12883
5302
562
3998
12040
7025
4993
128
8733
2547
9196
4012
2517
9879
13213
6943
15345
13476
3406
10784
12116
764
12490
7786
11885
2237
5168
3066
1907
11947
15785
8985
10588
15045
10539
679
14807
16351
4362
8620
4875
4724
1165
10590
8496
8764
7262
12129
14987
15818
15058
5852
5926
12879
12366
501
9609
9515
11282
12003
7324
7688
5576
6354
11884
10104
5217
11915
3981
3814
3163
5963
11510
15880
916
11710
15702
13104
14084
13668
6302
3659
13581
9264
11722
14894
2733
14660
14822
10201
8586
742
177
1921
2913
9837
5433
5178
13917
10101
9507
205
3545
15236
16192
13675
7843
4518
4001
10451
3452
13019
75
14386
15728
5928
8402
14827
12259
1394
4593
5577
6313
5348
11585
8757
2139
11214
5931
2246
1417
4402
712
8805
6091
808
13681
12452
10867
9449
10047
8292
7854
6508
10688
9649
6700
5618
6082
15890
8192
11676
6967
14496
11787
4121
3876
13241
11838
11738
361
15948
5936
7600
1715
3564
1064
10222
15042
8586
8044
9285
399
15760
1375
15469
9240
15144
1006
15711
428
10314
3018
12325
10482
10382
13890
1737
476
5960
8313
13116
6353
105
8309
14711
15855
480
10303
8385
5028
7288
3015
14678
12385
142
9636
5273
5248
14161
14838
9284
14665
13588
15235
506
2207
5074
9064
10608
8358
9024
5244
12074
13352
3186
7464
9769
4891
5594
15954
10203
11578
16110
11305
10422
5702
15021
8152
4556
11078
4421
15329
3376
15982
8164
15201
7114
3226
1071
4177
11192
11768
11377
10213
14873
3057
11869
7347
758
4960
3444
5468
3881
8985
5116
10759
11727
14574
8352
2537
15042
3788
5314
10668
1454
1562
9389
3704
5440
3182
8905
12841
5986
4277
10116
15524
6255
188
7188
13595
825
2298
2336
1710
8809
15007
14116
16
1277
10578
15049
11870
6853
15532
15367
2461
13267
8227
8205
10060
3653
7089
14742
12217
3402
10138
10294
6983
3943
5887
3673
7136
4779
11338
5381
12685
6007
5263
13494
1167
9065
543
13234
4547
15765
8396
2093
13340
4563
13068
3306
9821
9778
13910
13041
7915
13413
12877
16105
6915
1943
10538
6165
9438
10293
10857
5570
15621
3195
5300
10387
6641
7446
15337
1112
15765
14564
8761
5933
9650
5960
3528
8310
7960
277
9022
5997
10307
5836
4316
13264
4087
15830
4055
15181
10051
1594
536
4996
8039
5172
16208
6860
1301
14550
6025
16005
4488
1087
9847
14316
14075
4342
3986
998
8760
6892
3309
2354
4115
11413
6410
8292
16197
464
16282
15441
2174
10507
13950
8866
11302
4149
3241
6683
10680
12889
7775
13619
6845
7876
2642
15465
14976
9726
9643
11396
3749
10456
4073
15800
9783
5359
370
9918
6467
750
7497
13012
11575
9097
6132
10924
10052
6395
12966
5285
11524
10764
14515
739
12515
726
4364
2506
160
2956
7996
4433
10264
2155
16229
13685
6953
15640
8952
1757
14780
11016
2001
6413
4115
10639
8907
2843
8006
13417
9319
11891
15832
807
6606
11784
6483
10187
2398
9892
405
9789
5884
16125
13236
15551
8103
12607
15304
13631
4099
4650
11775
1783
6264
6351
16074
2145
13366
7772
3249
6608
1950
5694
818
12197
656
11080
12390
4562
10373
1744
11603
6565
13107
2510
6858
14833
5832
9777
4713
13223
472
15546
290
15753
6332
5790
15616
3369
5343
6777
14261
1078
8266
6094
12490
10827
6512
15859
6264
12161
6994
5559
8539
1468
15182
7536
4956
15901
4879
12046
11935
1423
7132
3239
3608
5151
11899
15058
3366
6559
6650
4125
9200
4782
12842
11462
327
7813
6408
13905
12064
1442
3376
15994
1243
12911
964
10943
3852
14519
10149
15341
4683
11805
1236
10086
6129
360
15853
14521
8063
9803
7121
1896
539
13930
6248
2856
5818
16005
5163
3566
2153
10508
9517
12757
2671
10512
12280
13250
12173
16342
7931
16367
1358
13180
5700
15701
10232
3624
448
5030
9990
13079
682
15038
10123
12058
4859
12802
289
1835
4193
8743
12282
1563
14615
10861
6156
15309
2527
13676
352
4938
886
7344
3804
6604
8648
4816
12784
1015
6429
8730
5200
9687
10654
12193
3106
5384
2625
13308
10941
12815
13844
3144
12320
14018
13930
12017
5409
15154
12244
12182
15502
11771
7661
3075
5348
3092
3109
10175
15894
10736
2990
3796
13930
5818
5975
11688
3514
12678
2229
16378
10887
5467
5866
6175
7993
9726
383
4596
7727
6571
6271
2756
2879
9477
10804
1921
8575
13111
16102
15578
6550
3944
947
6128
491
2748
3290
4919
14846
9449
10791
10153
15514
12807
2556
6195
12979
437
2695
12387
7956
15611
11386
7164
5754
5413
427
11814
3680
15135
12128
14102
3186
9418
15871
3094
15818
7242
10845
2166
7667
6899
418
9277
8341
12171
7742
6197
6197
14962
6293
11609
4763
15794
13894
1723
6341
7605
15303
10228
5678
1386
15413
8427
5584
8750
12321
1382
5701
4473
10761
4139
7112
3328
13493
6384
7700
1546
8898
11596
5344
4376
2714
11366
10417
5302
10229
15543
14040
10778
1189
1929
3105
2741
8312
2507
11799
15402
9306
8915
5591
8396
12500
13955
1635
4683
3370
5027
12069
5708
1270
9340
10882
12949
3740
2439
4638
13986
14081
7129
7736
2282
10644
10677
14635
10619
15626
877
3886
9853
2975
16139
1065
9080
13613
7671
801
15898
110
2948
4239
12203
1288
3834
673
8634
3746
3960
12945
7546
3618
10733
10743
4401
7053
4895
8077
8932
14312
15657
662
9462
1476
9657
10990
13836
15370
10809
12659
3071
11579
7575
14448
1038
33
11426
8126
12001
5065
11146
14474
16356
5388
11955
3419
5535
10217
3036
9294
1561
12665
15687
13730
10729
8059
1663
202
1728
11089
2300
6298
6699
3857
1898
12923
2539
4267
13343
5251
15792
8000
8189
6945
14041
3646
11149
1155
9697
9919
14613
7797
2284
4035
14480
5006
820
1598
9768
14959
4630
13066
6361
6980
12669
10203
8107
8832
3148
1197
14714
223
6355
14712
13298
15922
4346
2776
12654
2850
7598
8076
13466
3250
3849
8175
1890
9684
5320
12956
3523
313
3397
3052
11807
12611
7141
8018
3236
11475
10430
10771
12892
5448
5036
14090
8607
15364
5168
13414
5318
6416
562
9157
8825
12441
7914
3389
14662
14885
8566
2067
14271
4208
16049
3124
13748
10030
2197
6312
14619
1199
15179
12536
6263
7122
14907
13269
621
5486
11540
11401
16196
9489
11581
8011
1186
4134
1204
11943
1569
3778
8626
11051
15088
14318
1158
4731
13842
9248
15931
15905
1689
8359
14475
9199
10709
1881
3728
1049
14593
1946
3167
779
8120
11638
1631
7935
3201
7460
9042
10741
7611
1165
10310
3459
13253
1322
2306
1672
11744
13639
6965
610
15949
5408
13700
13914
1845
2265
5338
6996
6485
2067
12928
343
14322
1740
2650
3412
10922
668
13164
11552
5355
5943
5399
12262
11116
4651
9488
12283
4371
8112
9184
6214
16260
5280
7598
10388
12402
10835
11493
10647
3831
9882
10509
3211
2225
12406
8233
9440
7247
6209
12390
15778
12578
7042
5588
6711
15562
14956
12495
9039
9112
14302
7868
8263
11352
5719
5900
641
7896
12336
14823
11826
251
5380
10811
7437
6998
12160
15464
6354
14078
15310
13126
7611
4518
830
13489
2469
14254
13752
492
1127
12869
16250
16055
3063
5159
8820
5121
9098
15743
100
6234
298
13380
5470
13913
3216
10727
12065
4716
13214
12849
4228
15298
1956
14076
10175
13629
5290
512
6451
6208
8082
10683
2295
7028
14270
7263
1187
4946
10527
16306
3970
8582
4585
11113
3474
5964
14762
9417
10118
5037
11105
12011
9363
10052
16139
10291
6579
16131
1281
13990
15911
14371
6190
2877
8543
14179
14890
9999
9320
3636
11000
5431
5111
15714
7303
1271
405
4649
436
5837
2659
15544
11428
15686
15475
5583
14396
13933
14229
5707
10193
743
3855
13090
11665
16248
16342
5168
10672
14159
925
5204
3401
15544
16200
562
5304
6040
13092
1660
4274
9929
13767
12479
6818
8239
1142
15635
5502
7672
2472
8930
5025
311
14962
7751
5570
1911
15203
5325
6183
5171
8909
5523
10555
13349
15653
8820
1767
3077
10168
15337
1763
14256
11406
8851
1560
3822
10246
10574
14937
1523
9303
1211
9339
4776
3008
13990
11864
2955
1658
11719
1075
10532
2995
6740
2825
1789
14473
10346
12079
13635
5259
7588
13520
9803
5445
3096
6557
13500
3898
11371
13534
7515
4120
14046
11737
13756
10855
13284
800
2032
12503
9090
277
9360
407
10557
1639
15030
10011
16358
1655
9901
12394
9180
11499
9516
16057
13127
15439
11875
549
15063
15601
5816
14312
16351
8930
7084
16025
2214
11030
6131
12043
5745
5099
5265
6070
6988
8391
6435
6677
3587
1420
2079
11178
11077
11103
13935
10915
15759
10827
1507
12887
13983
2469
316
7478
12513
13362
15221
15442
4379
15143
7814
10280
7523
1901
365
11704
7633
4526
6331
5559
5893
7687
10243
3617
14997
5102
938
7779
4369
845
11276
10794
10317
15491
62
4653
12821
9251
8965
5151
12114
3798
3417
2426
11656
13694
1625
4650
8798
6373
8968
11836
12755
10608
2949
15085
13823
1461
5072
14739
977
3887
12311
8803
9736
8886
8322
14838
7579
4278
1601
2628
5624
10055
2440
8241
4344
1670
10230
2752
15581
10995
14572
11034
2537
3664
15495
6793
164
1267
7915
4830
6383
14436
13618
15724
10349
3218
2985
3747
10299
13244
3099
13167
151
8143
11930
14586
10939
10040
10494
757
12137
13113
13583
12337
12041
6961
5602
10911
3104
15075
29
6769
3052
15528
9783
10440
3484
15018
6531
11680
6159
6338
6608
6080
6694
14570
12087
1470
2330
13313
7380
8271
9329
11348
11329
11501
13010
6050
3443
13336
5625
2916
1389
730
10718
4983
10056
9375
2620
8511
16241
10686
2377
2334
7144
15296
4500
14580
5172
2392
1487
6793
14366
15577
5762
3693
11213
4479
5315
2918
15421
9921
4892
260
7577
12190
14524
2724
1355
12541
2150
381
7601
9043
254
11824
3418
3883
7229
8953
6472
2340
13385
12629
8069
1936
9845
4999
5563
2574
15268
15185
9335
7034
2396
3720
9228
10714
11397
6339
9124
8565
13478
6327
10954
9858
3526
10520
15540
512
9810
892
10218
1208
7666
1361
13330
2769
8027
4534
7015
16313
15761
7286
13748
15388
5874
9955
2713
6942
10897
9713
10186
5703
14595
9695
15588
3928
13955
8465
3859
16198
12644
4943
12376
13217
3152
7511
7672
6342
10345
11139
5538
8196
13689
15657
3837
4408
10234
10996
8559
3535
6825
2599
8926
7184
9694
1200
12575
13315
14125
1879
377
3617
8436
12383
8229
2285
8540
13231
5425
7618
9464
5675
15155
10696
9970
9230
16116
13865
6630
11597
15604
13325
1658
479
14656
12545
2321
7922
12539
5342
2937
4393
10154
6317
13513
11360
14192
15609
15787
9645
10246
6338
665
13794
13600
138
12289
9489
478
13053
3312
3107
14742
13403
1698
6315
2115
12414
13032
13281
5535
4819
1944
10226
10608
6360
12673
12736
15227
7428
13499
6461
16299
14801
13566
4158
4377
1417
2239
11413
15829
15440
9154
8401
7584
15405
15861
2480
2486
9300
10470
13692
10581
11086
16139
3915
15784
11111
14094
15990
1950
8426
3858
6228
8930
9831
8168
5230
4541
14071
4400
104
15560
6465
12468
1527
6454
6312
8924
5682
13693
15438
1819
15274
1736
15005
14638
242
9080
2265
1327
13470
15404
1730
6834
8875
13998
9203
12099
14710
7457
5420
11479
14024
9389
12143
4481
13052
9241
5441
5725
4635
8510
11140
3792
3504
5729
994
13362
16116
6451
9308
11749
373
2882
13475
2315
13594
15542
10291
7439
12952
2284
3537
11412
9103
11693
13504
14492
11812
14708
8338
2419
9903
7673
11243
9139
355
10681
16258
13723
7087
4537
12445
13826
6677
9132
8228
7020
1872
4137
3980
9566
14746
1272
11497
1633
15132
5637
1914
9416
5129
12780
14020
12375
2771
4995
10133
14011
12416
13544
12060
10540
14296
10065
2771
9098
3646
14786
15436
7476
16167
8207
14750
10320
12043
9084
5185
6904
11129
5223
11265
1645
13753
15157
4712
917
12762
6745
2112
7979
1014
9697
14269
3471
13946
3335
2975
14911
12569
11821
11503
11269
6779
10278
2981
14864
4232
16240
14422
2456
11085
2017
12510
4942
3148
11833
9004
3961
12273
4890
11442
8603
5429
6612
573
12043
10034
15752
15860
9760
6172
4837
143
3594
3703
10069
6352
8403
1302
266
9128
4541
16145
9768
14510
1996
697
684
2636
4368
5292
15397
1062
9433
9574
12415
8465
12369
9727
10358
15378
5097
12230
3584
12294
5667
7479
5220
12475
213
16237
16365
16351
763
13282
10104
10759
5761
5554
8482
7575
8606
15255
1334
4037
5378
10964
15755
15580
8483
12674
7505
12882
14195
9834
6774
9229
5677
8542
4206
5091
13888
13879
932
9472
14989
4300
12531
1359
1468
2408
4828
12217
12216
4793
8465
2539
13420
13359
6125
1597
9002
14041
13517
2106
83
11524
10016
286
8014
3980
6068
3598
7505
12915
8698
11897
12058
15787
15492
8413
15080
13651
3964
7994
1677
5956
5383
13272
6814
8641
1879
11858
7325
5081
14248
12105
15415
3581
5005
14565
4107
11775
12304
13990
2089
13218
15168
5750
2712
8240
16164
2730
13344
9718
10521
11003
8981
2026
1700
2250
8535
13543
3943
9373
14593
3837
1032
6151
10111
6650
2765
8729
12447
527
5537
5937
8931
10802
5304
5873
4558
12071
3299
4196
12204
5324
5626
3312
5983
3464
1863
6066
16278
13610
6436
6997
14316
1397
12397
3253
11179
10917
15449
5653
7478
13266
9580
14288
1424
1968
4371
4321
6738
15164
15093
11586
337
13806
6277
6850
15296
6592
7606
618
4729
11184
14930
4484
2479
3908
11484
12936
3024
15234
13033
5274
15911
10118
1502
4491
13348
9512
1668
14715
3576
11837
16383
7678
5658
7161
1290
11420
11797
15192
3519
9030
5191
13438
6865
9024
14911
6457
8714
12355
16151
6313
2397
11586
3608
3377
3470
9934
3196
16228
13140
3396
15577
16379
4593
6856
9598
12736
9629
2460
7933
10500
7645
6250
366
9665
14302
8147
10675
13566
3649
15208
14666
9138
15748
12148
11886
9774
10168
466
8792
2368
4144
2370
15570
8572
604
14117
4387
2616
15373
6840
11522
423
6841
13632
11134
3342
1451
9693
4905
7978
8401
2810
8515
11867
8462
8163
2375
189
14060
6413
2385
5110
135
10815
5999
7669
6262
10203
12854
1573
8603
9054
3596
805
6380
6628
14889
718
11896
1410
8569
15188
4820
12412
13656
11114
10336
13377
502
10621
13741
6543
3306
3421
8398
12748
1416
12745
10534
11986
5352
4107
1275
16371
1624
14031
13435
12412
6714
4966
12311
10409
4602
1531
16019
5846
7667
13694
5989
5362
13074
4859
5359
6026
5747
5188
13072
12706
14608
6070
11592
11565
8687
11721
1553
10942
11750
5093
3728
4303
6787
16033
5952
264
9499
15567
13433
10044
11788
11204
3188
9414
15044
13144
6364
9377
273
8894
10502
7314
13494
3011
5521
6906
13845
10392
12261
1655
922
6193
2284
2430
14067
3308
6385
15467
7503
15486
3623
5160
4478
9432
10550
3706
5386
6073
13140
3162
7100
3684
3253
7664
12744
1121
7405
9547
10131
2737
4199
12004
3728
5779
16306
3996
4492
15002
2480
16095
2972
5351
16310
2613
10687
14225
6493
6288
981
11742
7313
13992
6450
7850
1693
13942
5076
8549
6244
12822
14742
13095
11876
3994
3383
15250
227
5128
6472
14669
13073
8898
10892
4897
9923
1822
6192
6574
14271
16094
1391
927
10697
12330
11769
14622
555
8133
10867
4375
1370
2567
15823
16310
7507
167
12971
2002
518
16063
7995
1824
1775
16146
1703
380
5993
5792
13992
5340
4336
4694
6298
15519
8632
6313
7250
9145
12283
13627
219
11085
5522
10389
9179
3203
12070
10553
12783
191
5066
4224
6506
7173
12497
13184
13682
7560
10139
13660
15842
4420
1094
7823
3800
15786
3938
14237
11864
7496
9830
9071
15345
619
14673
12769
14030
2575
1089
10325
5889
5881
5005
10758
5088
11544
1371
15030
6629
1093
14349
6615
6686
13957
684
5519
11411
3684
4734
13939
7623
2950
8100
7451
1439
10874
10119
3720
2195
10426
14682
867
11863
753
6932
14730
3991
1501
3981
609
14195
5122
15202
9044
11636
8794
11125
361
6005
12467
11817
266
10771
16265
5716
5741
1768
13847
9186
11693
2960
6875
13081
6928
14828
6014
11785
3628
3977
14218
15408
2414
4746
1140
15194
11982
83
13701
1853
15346
4766
11884
5518
3107
7290
4107
16316
1573
12141
10654
741
11485
6659
11362
2116
9650
13437
2644
9646
4470
5020
7787
8993
1094
8034
13543
7110
4571
8235
13985
8407
11355
2252
7384
13947
460
14803
2473
9274
11480
2865
9274
11270
9717
11150
12441
2409
12360
8928
12961
6778
9857
414
15627
11971
1756
16082
12302
7113
15262
11191
2747
15373
2798
9390
5672
483
5043
8872
13627
5513
8689
9834
16076
6605
8987
14488
1572
9931
9437
13091
15760
2976
12223
15457
11673
8534
13554
2269
9798
5337
15282
3455
1116
10882
10931
14105
10527
12955
13249
8489
13336
826
9979
16175
8464
6143
14478
3068
12435
13362
5978
10729
6347
1211
14887
10350
10538
14410
14391
9617
7556
14335
12046
9334
2084
16039
2336
11054
16004
4604
12891
9518
12904
11503
220
1332
3258
16273
1212
609
2135
2766
6188
7555
4916
367
3750
8031
9492
11669
15464
13249
5983
2237
4852
6736
1978
7272
9156
2241
13527
14930
738
11811
12150
13014
5838
10120
7771
12533
5635
14245
129
2339
3308
16194
13104
3817
10672
4235
1567
5927
12713
15777
11565
5729
15853
10252
4741
10300
5097
1142
12701
6043
9775
8987
7135
1015
6087
12372
1149
3079
14021
8836
634
12484
3849
12966
862
11176
6275
4135
10718
9270
5245
15290
8707
13041
16027
2169
15476
5101
12375
7678
10534
9769
15054
6331
3600
10873
9578
11924
11462
9813
7979
7690
8171
8780
4228
12973
5403
9440
15544
5196
1551
14475
15367
9573
10954
10370
8388
6314
6882
2388
13537
3172
7176
12061
13215
1342
3157
13876
1396
11719
9956
16155
3378
8425
6793
14129
1662
1272
14610
12886
13692
8154
7617
9725
11843
4032
11315
11274
6160
9837
5956
13158
12339
14392
2707
802
13341
8809
11623
1251
6304
15292
15775
12662
657
9005
455
14739
6656
15119
11684
4045
12078
7040
3274
974
14875
6734
12020
3768
4396
11468
6139
9460
14167
981
7810
13059
4827
15754
3698
10363
6157
15452
1533
9310
10389
12670
9922
14893
7838
433
961
5287
6340
7344
10465
9175
6051
10660
2452
11515
10380
16016
16200
7578
8084
8593
2669
1587
500
13705
8105
11186
6226
2871
9269
14587
6676
11994
9699
1058
3866
15860
14613
2455
16154
6827
14622
9754
3638
12364
182
7057
1897
7868
16343
11391
15840
14357
8029
12162
7534
9915
1608
13353
4773
11114
1719
13943
4975
994
1761
11999
4126
14464
2272
15409
3687
4454
798
10768
8376
1392
7410
4787
9906
1763
1977
12604
11445
5234
6244
16301
8100
1273
5409
747
13340
1351
5965
13405
2121
15462
12890
3569
14569
5860
12894
4224
14792
4781
11880
7649
16310
2421
14074
5951
14311
7153
298
15069
6063
10873
7172
5617
15283
9125
6857
4790
12990
12828
8743
661
8126
4825
15822
16121
8665
8912
13649
4262
2181
1254
15787
11253
393
6391
14769
8621
13328
4183
10562
1149
3388
8949
13289
3775
7673
11152
1506
5230
10441
5609
12992
3965
5643
10718
3391
5467
14670
7981
1201
14973
2452
4159
7699
1592
8336
3415
6677
831
4254
13501
15598
4165
5707
14286
14947
12359
4696
16106
8046
2389
13756
1821
10036
3086
1179
13242
2837
9277
7721
11138
12024
2868
11518
14741
3218
3948
16209
2937
1391
2362
6779
13921
15236
8288
5098
7789
15839
5398
4312
2941
6932
15231
9662
1093
14574
3579
4076
2001
13800
9835
140
13588
15605
2268
839
11115
4382
8852
12970
8333
1346
7626
14021
2976
16338
3480
8947
16343
6800
5291
12250
2642
15750
5174
7804
14320
15374
12229
15240
9750
1101
1027
2195
13879
1572
2580
8930
11505
4126
14401
4614
11474
6507
10048
2502
3705
11949
15469
1485
16119
2537
10800
15545
11771
6305
4155
4754
2610
5169
12007
9171
10406
7838
13966
723
904
15177
15271
13203
1795
12689
10762
3462
7230
2075
9520
1038
1262
15321
12248
5128
3288
10289
6379
14853
15958
7649
4667
15011
147
8100
1987
7701
8986
11969
2732
4917
10003
10002
9231
8173
5918
7796
5061
2576
11589
9203
2955
5401
6049
1237
14883
12302
2778
12289
3839
1057
8878
1680
4898
5256
11178
6252
4108
15953
12333
1536
8
11662
2459
9345
9530
11430
4172
5120
4873
941
1437
2075
7077
1139
13881
421
3015
697
15110
11260
1521
7037
6567
4646
12405
10348
8938
11061
3741
842
11538
6350
1839
5191
10730
2944
15343
13844
10813
3325
9302
13698
5355
2595
15207
12414
10718
2978
8275
15675
15911
7695
8537
5421
7988
6808
6297
5130
3677
1161
4525
10317
8979
4231
7529
7435
8683
5013
15787
5007
15926
265
7854
2091
1403
8756
2671
13175
5585
14905
2376
8313
8228
7492
2916
12596
167
16006
5486
7132
15945
5053
762
7481
7915
13155
1677
15244
14857
11305
5117
8434
4615
14836
3260
1470
15119
2325
13592
11867
9654
5555
5856
2798
12832
10537
3971
5887
7833
8615
13403
555
4373
1028
14802
9310
13930
8722
9459
4606
2630
2896
13916
11745
4380
16095
9306
5151
8077
3118
1442
14795
10830
8242
7931
3151
13023
13160
13057
14310
7413
781
3309
9315
9954
11129
2857
5742
15298
11169
12112
2038
10639
12847
8600
4956
13140
5592
7121
13556
15826
6050
13134
15619
9144
13348
8697
16175
1229
8017
2976
5991
227
10586
9481
7718
9045
12356
6107
3185
7971
14161
1122
9965
10996
10140
3461
12058
4651
6849
7480
3103
10816
13890
12159
10937
14863
14711
3490
10395
12905
14187
5176
14771
15577
9522
13134
12908
15700
9076
6285
12175
15937
1083
7455
15617
10483
10406
8350
1249
11148
11521
6105
11162
14749
1979
12482
9253
9188
12306
7646
7671
101
6377
16188
14362
10885
10605
16284
15070
7369
4677
10237
12063
8621
16209
7219
1451
7813
3872
8596
1573
4833
12922
12195
9698
1506
11398
15355
437
15025
4287
7099
12405
3564
5466
1928
15223
13007
14689
8472
7361
1600
3328
2824
7318
10327
12039
15397
6216
3719
11813
9969
16186
4119
12562
2621
9715
183
10241
11148
587
15711
1024
14890
7896
741
2582
16084
7307
9183
11595
6891
1117
5330
9237
14031
11600
8490
13588
6939
7409
14583
9402
1218
10973
11407
15836
15037
3478
5233
14451
13398
8141
158
12003
4336
3352
3091
11740
6727
10868
13575
3186
5726
9747
414
6959
5308
8873
4729
9836
9389
1797
7691
9780
14349
11192
11795
634
2751
6533
4759
9513
10466
2664
3491
5527
13677
564
9599
5211
15675
5926
14549
15768
15178
1384
14822
4658
1205
6063
12119
14566
6596
5594
3973
14586
4242
11171
16346
6229
8679
2945
12505
627
14971
2358
11893
5253
12692
11158
12931
10154
438
2482
15596
3375
9829
629
598
9296
7485
13655
15177
1798
13951
7036
4092
10962
6230
8467
2449
14846
2859
6818
5009
11180
14409
338
10342
12006
6313
9990
9246
6150
16181
5863
6196
2467
15806
11484
10553
15649
10609
3101
7075
10733
13831
2373
16384
15271
14668
15011
13368
2644
6208
10600
9899
13132
3196
8897
9379
13204
14899
4642
11596
283
3830
8071
9880
13766
8960
7429
1470
9108
9554
5180
5900
10485
13431
665
6480
15851
8412
12416
7495
12822
8934
499
1090
2308
14164
15167
1701
14318
13000
8240
1274
1476
3826
5348
13116
4330
975
4935
1566
15100
14244
4942
764
16305
11945
13691
14395
11588
8583
15268
14200
4828
11316
6180
10614
5550
2111
12128
12490
10397
6907
13748
13969
8589
8750
8992
4180
13659
2097
7458
2833
14926
10823
10347
7989
14727
8211
14688
12992
15089
4753
13190
6651
4263
6695
4562
14612
3437
5380
6468
13978
12366
5162
2593
16367
12322
12160
448
7473
3208
7890
89
4519
6367
8239
15898
7988
9122
16042
13214
15818
4218
11673
4418
15669
12542
4821
5380
3158
14251
11990
3505
15725
13446
13150
3962
15842
11006
7730
10754
14883
6513
10126
11307
11013
12718
2444
8716
8653
5286
5306
611
8305
2097
10780
6479
9729
4174
13770
7161
4522
11571
5474
1751
2772
10361
2592
8229
9770
7397
4196
13123
10919
6362
15248
12401
515
7251
5595
825
5753
2688
14554
11549
13630
7096
5921
10908
15975
11598
13181
3957
14703
3127
10240
13667
308
13788
3435
12902
4055
2942
7167
5496
9527
14229
5078
15073
12061
15396
9244
5553
4354
7759
9102
7005
14693
2190
13048
13374
7371
2568
670
9948
12429
8800
5327
14161
2566
15247
6761
4639
2432
5832
253
4512
4433
7898
3468
6685
6662
1292
12493
7316
2777
3573
9063
4429
10715
10908
143
4277
14548
9080
13147
3687
10611
3262
1474
13534
11927
8835
6505
8336
15734
3763
7744
27
13180
5793
3172
1782
10603
14047
543
6657
4784
7206
11944
12947
12001
3267
6990
1892
3680
16017
8425
4932
12937
3598
3021
9070
7762
2177
16050
6624
9226
16066
9232
1333
1845
15811
15061
13193
185
3627
4606
9446
10707
1534
4930
2778
5361
12141
2187
13319
11917
2997
198
5581
6945
6785
2016
11924
9048
257
10571
8411
962
12133
1213
11115
1787
6255
10414
8315
3031
11108
13883
9488
4036
3815
1192
7289
5159
1303
1850
5125
16069
8180
4103
433
9771
6654
4650
1743
1258
11234
8199
4266
16287
7601
9036
9210
8786
13413
1856
14357
6360
12252
1710
13586
15283
8815
1967
13631
9582
9416
7562
14845
9609
1104
7890
3110
2766
8223
7986
5790
6132
8758
11321
5208
13127
10455
16378
11558
8599
9029
971
12152
16317
4327
311
10763
999
3064
15445
2304
9662
12985
9330
10004
9638
6924
14775
14343
850
6700
8911
7526
15734
14622
4746
1212
7510
13754
8918
7897
14380
2779
16380
11714
6203
8402
11268
455
13119
1166
1475
4696
1879
16089
4432
2684
9990
6925
12523
8195
10689
13109
12657
12353
3875
6816
10759
3035
6017
2165
1148
7396
1103
2907
10243
14669
15713
3571
13696
13968
3277
5831
4094
14670
4365
6482
15774
9910
11719
8456
15814
1755
8873
11807
7949
8472
14778
13388
4271
3799
7407
5096
13474
12149
15656
15308
10025
10942
8047
6083
4747
14595
15647
6256
13279
16362
11098
7450
11361
7493
16151
5849
1566
11647
5605
13744
7278
2911
1402
15388
16047
7530
7785
16189
16030
396
3785
15428
14876
9807
9074
14796
6787
4154
14814
14965
14578
13585
15323
12415
3582
8133
13413
12501
15762
12071
13624
8857
4646
1833
3287
2893
14053
10167
9339
8590
3098
1372
9252
7720
8000
6883
4389
3307
8576
8058
3910
11918
13628
11512
3649
15278
400
1955
15396
272
9428
9126
4389
14191
14789
501
8378
3873
5608
14793
16366
13127
1469
16074
7931
8849
9493
1850
3717
7693
4178
4669
7073
9010
2852
15
3014
5458
5327
4940
2290
8376
10058
1932
15273
4845
13544
15802
6937
4010
16118
15738
1975
13785
12696
13255
15862
3710
5781
1324
10689
15247
15015
11811
14504
5432
1370
3957
91
9468
364
2505
11887
12096
5670
10804
14579
6070
8772
13740
8047
3212
9890
497
9606
4397
4075
702
12417
5431
1407
6845
12464
14339
13078
2755
4923
14291
4242
4020
11732
15325
10460
1023
11349
10189
471
8720
15901
2716
12538
10573
2366
12247
15293
2395
12203
10055
13759
7936
6368
6287
13023
4431
5837
9076
7530
12205
12432
12835
4993
6552
11567
8981
3539
7244
10105
3173
12648
1734
15838
9882
12658
3393
2158
5835
11866
7320
4509
7603
9584
13112
15398
16166
5411
4832
10458
14926
16019
6245
8697
13124
9399
133
7628
8340
3059
976
4261
10084
14312
12653
862
9946
9373
8772
11259
12476
5236
9461
514
7480
9539
10702
8225
8396
15544
3352
3727
2675
2743
7706
9768
7136
7777
12159
8898
12611
3432
15829
14765
8861
10172
681
6889
1723
2311
12827
6723
13239
11482
2992
1811
1842
5148
7009
5995
2222
5699
6806
6760
3655
12682
2003
14547
15895
4155
2969
11758
14827
15984
336
6256
13496
9185
11977
2209
14316
9714
12902
14240
10074
54
8157
2236
8534
15381
8991
15197
3529
2829
12810
10077
15825
10296
35
4104
13140
3942
7344
6478
11658
16149
89
14271
9342
3951
4111
3387
3700
5236
3516
15058
1468
8086
475
12506
14096
8968
6456
5133
275
16221
6988
1182
5534
12674
12606
2007
2036
9280
15390
3650
10713
4786
5478
5743
8759
6898
16103
14538
8906
1683
4707
12151
12819
418
5423
6541
12578
6450
13159
11841
12764
11972
10950
12104
5099
9199
1730
15262
15692
5707
2408
15013
2574
3476
5845
13378
14019
12206
12250
2930
10670
3172
1882
9896
1441
15662
14345
2376
9025
1502
2841
8054
2055
9859
585
6702
11184
11755
5582
3516
8486
5637
9437
5166
12085
156
4216
3301
2345
14588
6129
9243
645
5923
10047
5445
12890
8778
247
15700
3957
12777
2603
14293
13424
7677
6298
908
11683
6088
10942
7372
15336
1195
12372
10657
16069
8920
8889
255
14764
3009
5839
15679
15134
14917
317
8354
15330
12529
705
448
8154
4210
15642
8766
14114
11506
1611
6342
10048
1008
15674
10080
5144
6725
5576
511
5965
14618
2117
11550
4902
11192
9938
14228
2532
10916
16361
6372
1562
11795
5569
6087
5634
1394
2961
12835
15284
8165
6407
10260
14296
11514
2573
7495
2108
10589
5115
2511
15051
15272
351
11959
4728
11972
4948
13024
15845
15266
5707
8563
14892
5724
10210
10759
12429
10831
5811
8121
2933
10873
11484
8289
7091
8640
4900
7996
16061
224
4428
3664
12142
14767
9528
5904
918
15986
13506
13460
9413
6689
4774
1948
303
12022
4615
3777
1739
4225
15804
12719
5607
14295
2873
7922
11513
16270
1392
11317
11168
11272
13372
1737
5630
15116
6530
3172
13576
14104
13018
7332
9985
1488
6027
1779
5377
13464
13308
6140
6679
538
2088
5479
3826
6403
4123
2823
6863
10787
1227
15614
11335
4149
533
11174
13919
8135
12247
6322
283
9582
3263
10288
6585
2077
15017
15308
9997
10305
5584
12764
7585
133
13927
9440
8984
4404
5485
16346
5742
494
7665
3487
14680
10429
960
7109
598
15827
10488
9950
11583
8655
10059
602
1770
10595
2493
970
7436
14859
4048
3808
13252
282
14355
6798
507
51
9200
1045
13848
6142
7772
5344
11888
8392
12366
4035
3537
15477
7786
11672
8003
2431
8466
8919
11109
9220
13698
3149
9216
4658
14343
8708
8631
10126
2151
13201
15986
10933
10905
4027
3631
8276
4681
10714
10235
2875
7586
6946
15780
11803
4575
2136
10399
5685
11433
15074
10988
5520
8867
3817
6344
14277
5605
9992
14597
16076
12493
16264
1266
8374
15282
8147
78
8663
10380
5971
14092
14484
14141
15223
11250
10177
8825
15976
10183
4957
12489
12225
14883
11716
8353
15353
1786
5520
7191
14523
14106
12131
12574
7842
10187
478
4081
6187
54
9317
15494
7490
11017
10923
15043
13772
721
5825
10335
14283
16272
12659
11902
9132
16066
7123
1717
4865
15833
7426
10234
13620
6865
13382
3615
11656
398
8149
4017
13062
3837
7466
1557
8281
12702
9904
15051
439
3292
5186
13851
8279
9298
14172
11591
3172
9588
14662
14045
10554
15063
1785
1905
12263
12315
3406
1525
8028
11569
16037
8744
16106
11269
6270
12141
1914
3164
9460
10085
709
15249
14061
4
14478
16183
4563
11599
6184
11779
13148
1673
7679
10928
12971
1145
12827
4424
12246
10896
1481
5241
13068
653
10825
15355
8749
4390
1838
7353
7875
7409
3965
9248
8837
10677
5291
10170
184
8100
8221
11621
12769
3550
15723
16361
8826
14064
2307
7907
13682
8698
1779
5196
7907
6973
7512
9745
11120
5130
6943
1443
14926
14502
1730
12739
5517
14687
2488
12971
8814
9280
10582
1462
15503
7254
4259
8173
5846
7185
8698
11529
2155
3317
353
14040
2925
9968
8626
9956
12067
14595
11687
9100
5244
13144
13068
3669
13499
12623
2127
6068
7473
3674
13170
5187
7654
5061
7291
9615
1825
13418
13535
9981
