241
1775
481
1570
500
647
1362
927
1345
298
1023
1734
1934
1617
1727
163
741
998
372
1762
769
1146
371
2019
1227
1279
19
139
135
889
62
594
452
605
1189
1852
1385
1176
1736
1918
1669
104
369
1351
11
392
466
426
1459
423
1704
1314
1994
663
1292
85
927
968
1289
578
1356
1191
913
1988
380
8
1831
283
1698
735
1344
938
1292
1944
70
437
80
830
596
1409
1816
699
42
921
1052
1730
1521
540
336
1779
1510
1358
1387
448
410
562
1200
274
1558
675
1514
1293
1286
1080
204
1091
1531
1568
1334
807
1312
1436
70
1642
1833
638
1095
1881
1177
470
730
238
734
479
658
962
1530
1774
1155
1274
605
1694
488
1750
727
822
659
1930
1304
2033
1164
77
867
1230
447
591
1541
1678
252
986
379
1825
1162
1109
745
1343
170
499
530
276
1253
1147
1296
277
501
523
963
1016
1870
662
1182
1617
1664
1577
327
1341
1070
957
1101
66
1874
861
143
5
1801
1425
839
1445
1040
1540
1895
844
1622
184
1441
1448
1547
181
642
1512
271
1195
2037
1207
1244
1283
1612
1820
849
501
1913
629
1767
1927
1727
115
1190
1683
1061
1729
34
995
562
1733
35
1990
368
1463
1370
1053
1855
2021
1248
1997
1142
159
816
1668
85
821
1495
67
1923
1894
1834
1779
574
1213
2018
1963
1870
2019
320
1111
812
133
564
908
1448
1933
645
2004
1741
805
1100
253
1931
880
218
1929
1128
59
1353
233
1611
307
1732
1047
747
41
64
118
1517
722
1821
1858
385
2047
331
9
619
862
1658
442
603
176
1968
802
1618
1923
1519
1578
28
1510
1267
1522
1239
184
1055
1450
391
1159
601
1513
99
596
637
683
1018
1522
1748
996
1629
841
1769
1021
1166
1105
75
370
996
1882
1030
1790
704
211
718
201
853
1491
23
374
1271
971
40
109
305
1873
1877
1925
1114
661
811
1631
1900
1832
870
520
270
542
1304
1675
1827
5
1515
1174
813
61
876
1991
767
1050
455
1715
1641
702
675
1321
491
428
1605
798
2029
1549
1391
421
1538
1887
41
1403
1938
394
1372
1814
279
1450
1834
1083
1867
1132
486
638
708
1785
1653
205
365
430
915
1866
1869
450
125
603
1604
37
972
1135
373
1932
365
1553
1350
1788
1539
1810
1776
1843
641
1751
589
256
205
504
464
1587
1198
948
265
46
1193
1152
334
1430
1791
420
1322
609
1361
1
1748
548
630
1927
1472
1773
184
1196
121
1590
1083
803
1181
508
285
1466
218
2011
1394
1177
690
1755
733
386
1627
667
65
141
1224
836
575
903
1282
504
307
1149
590
1439
1987
956
581
1014
860
1043
626
1180
48
1196
1352
1191
1167
1578
1087
1072
778
441
1676
1342
1341
55
248
1016
483
966
294
162
1933
329
709
75
420
1237
73
154
194
105
1577
1786
1974
1759
299
953
283
327
1997
867
1226
1272
1
1795
1231
365
720
1324
233
1066
103
1764
1349
466
189
1257
884
1263
1062
903
1307
1691
825
1907
1195
289
261
1742
264
824
147
1609
1176
1626
838
601
134
1917
1368
72
314
1583
516
2022
397
1363
60
1907
775
1200
1001
484
704
1500
1267
229
1619
1915
100
2002
1258
592
1455
325
567
1333
1735
794
2004
1730
1658
1002
1617
1058
1202
615
1324
297
218
449
465
1101
634
77
631
368
1501
1194
1591
1391
590
745
717
529
2005
72
1105
292
601
1705
662
499
1819
676
798
1596
1109
1750
1617
916
1108
1253
1931
768
645
1199
1039
1842
716
349
1059
1844
644
1497
314
2000
769
1997
98
1588
1503
197
9
811
1904
1810
1125
790
777
1871
1285
1901
394
276
1944
1822
1282
1350
1509
1617
176
1402
294
1194
143
478
347
1733
1301
1256
992
1563
1512
516
1314
924
1659
1578
157
1151
121
1165
1853
989
1788
1306
52
1480
587
978
1096
337
1034
170
659
319
419
1775
827
1187
100
1383
1954
925
893
1777
1333
787
452
1765
83
925
654
1209
400
1295
1967
596
608
300
1733
2029
1470
63
794
764
520
417
1113
357
817
928
825
1257
1172
254
2027
1758
30
1060
1081
555
531
1396
106
302
1428
724
1416
1084
391
1650
1560
1928
811
1053
1984
1739
884
592
302
788
1382
767
1347
1039
672
1167
933
1366
1196
23
1353
1032
204
1737
189
1060
1742
1608
1048
116
1530
1580
2048
1185
222
656
519
1659
1564
10
1253
1222
1665
1803
1535
691
226
1624
322
839
1669
913
1326
808
1466
1102
608
830
1363
368
1756
103
280
114
1448
1295
1406
1727
1138
260
426
1806
426
293
1138
400
1296
547
1050
475
379
195
91
1777
358
938
723
1089
591
525
1288
1487
2027
1387
75
1432
155
1420
978
1651
1767
573
1591
1593
1557
14
100
472
1414
626
1119
243
329
637
405
875
615
560
1202
589
1515
1909
124
247
533
1132
948
104
1097
725
1655
111
857
500
1114
1794
243
1357
203
784
1305
1990
1817
1227
1810
994
584
2015
1398
572
1290
1235
149
1791
1648
20
1924
1581
1964
1818
1816
7
1136
1279
802
727
1591
843
1264
1987
661
559
88
1719
57
489
482
744
157
100
959
1243
1682
1166
1432
1815
242
371
433
772
1012
1985
1547
795
410
451
527
1562
660
1550
767
2043
1666
96
711
1210
436
611
1472
638
152
1428
919
662
1919
899
353
813
1326
1277
489
300
1983
1900
509
648
1029
1977
1047
246
1772
993
167
1309
1946
215
1009
913
573
283
9
680
1853
137
1780
432
370
95
273
715
1738
1202
819
153
1887
726
363
1310
1830
628
1744
1255
1410
604
1817
1372
452
1834
619
1736
584
292
748
330
533
1183
1550
1964
2039
1824
1886
1673
1016
540
171
1371
1236
436
2000
251
502
417
394
1973
642
1358
1557
187
899
1309
1994
1589
1097
1594
741
151
549
2022
321
795
1656
533
447
500
1310
1468
338
900
1027
921
911
697
1263
1455
1324
1101
1299
1236
1961
848
976
241
133
1171
1335
848
864
42
302
852
277
185
188
594
1270
858
1317
366
80
1955
1474
1397
380
1975
1254
704
681
1377
885
841
443
989
1306
1317
1755
786
1615
582
855
465
1638
1458
1914
1236
1253
87
484
1666
1895
1743
1697
1217
662
1712
746
147
974
214
326
1230
1830
1549
1645
2018
102
1205
1935
1793
1823
1961
1304
758
384
1595
827
1523
489
1590
945
847
1602
1683
829
746
1602
735
844
1240
600
1580
1402
211
503
547
1608
1043
1431
718
430
1655
716
404
1034
1980
1834
2046
1694
980
415
1527
580
1356
1356
987
1199
316
1805
1813
1653
702
890
1237
905
1548
826
442
1858
57
965
1800
1600
785
1439
1716
1939
1216
1497
1269
55
1456
823
1896
20
798
38
647
1821
1164
974
962
595
48
212
1685
1751
824
990
1399
402
892
1238
1286
1760
1966
1487
1616
516
1161
1026
1496
1267
1728
1861
1086
577
1767
248
892
1981
1926
955
1599
1370
483
1272
2023
224
976
665
1706
859
1559
1813
680
601
62
143
1152
1700
414
698
426
1606
540
70
918
517
143
1928
484
713
863
1787
1765
1121
1448
144
1872
1259
93
1296
1370
1566
1400
1035
932
1064
1691
102
1400
1467
1093
1959
1533
1951
1751
1199
967
634
1785
499
1650
1242
1044
753
707
810
738
1909
477
367
1442
770
1834
265
967
1378
928
1520
863
955
1765
1988
239
353
1269
1021
359
1392
1944
424
1821
16
1426
1718
298
344
1007
1136
1062
654
994
1061
902
627
531
278
2013
759
456
487
2011
1196
1644
1693
1106
824
2047
192
353
1543
1482
2032
1556
622
926
1684
1538
788
1394
137
258
431
1778
1486
1234
987
1028
1528
153
269
1243
1328
1023
803
67
476
545
841
584
1705
624
782
2046
703
1798
2034
1543
978
684
458
1993
411
758
1604
524
1712
179
1367
75
1240
690
412
177
1321
1379
565
1764
1831
1403
11
2030
5
417
589
499
1953
1545
286
1148
1563
1102
317
770
97
1679
2016
1805
700
776
472
2028
1519
986
1991
64
1193
1604
1973
1231
1954
1016
560
1248
286
2039
844
1059
1168
740
2041
773
763
530
1383
378
648
1968
447
592
1135
631
350
1470
2024
1635
624
792
1586
1437
790
890
371
622
2027
136
1989
1857
873
179
1198
1729
399
1054
1775
1433
86
1579
402
1027
532
1424
349
851
809
1395
1556
64
761
338
21
323
136
1609
1113
594
1179
806
284
70
1648
450
1598
1989
1060
459
1243
2046
1234
917
1883
1178
75
1280
1911
64
242
1647
632
118
277
1291
390
264
348
1193
73
1230
1495
1506
1687
1850
1204
1041
761
401
760
677
256
96
694
1100
288
430
797
1440
498
948
1577
379
166
497
1225
580
1956
1005
1696
1606
816
1652
1753
159
1820
363
1961
1797
1457
1467
696
2012
599
764
27
528
37
1431
1940
968
1791
1322
1068
602
1131
711
1930
74
368
599
779
1618
176
1199
1872
651
1900
1873
3
767
582
276
1423
316
867
452
1596
141
230
990
489
1266
782
1330
136
552
1865
745
1920
405
957
605
1313
753
779
968
1165
599
1196
470
600
1304
1776
762
1492
1579
1399
908
794
1710
2011
391
1865
440
227
1864
1597
936
1486
309
2018
285
1547
267
665
1467
1023
165
1562
1858
1577
2039
316
1323
984
380
607
148
1901
190
1773
1413
201
896
1908
275
1871
1126
248
1108
1975
2045
388
1070
1874
1988
1040
1105
213
1322
1197
456
844
408
2022
1345
1541
366
385
738
1228
1174
73
476
953
1585
1863
462
1943
888
354
1375
1503
996
1142
1457
1482
1689
492
1559
105
1094
1151
1818
1726
192
86
851
664
1390
410
2013
1637
486
1041
1364
1635
1354
802
1333
1433
647
1884
1407
1293
583
465
503
666
1728
1939
513
1618
684
7
1094
961
1029
1026
105
349
1227
1618
406
860
1134
1059
1565
323
1189
1078
0
156
434
333
1176
1160
2026
158
1524
642
512
467
1920
20
306
533
1571
1724
848
498
19
1968
855
370
576
1961
1965
974
79
309
1891
1963
1142
1488
764
877
1091
1927
1833
742
1272
1642
1596
419
1919
1901
477
1610
1258
496
2026
1915
824
170
1320
1643
4
774
1104
256
1502
168
550
1202
1225
1923
978
1040
556
102
136
479
490
1779
495
1545
644
1190
1175
256
1689
1393
1736
93
321
430
1855
1897
1242
1878
281
1860
28
1886
388
632
687
1034
362
497
1865
191
1718
1085
1774
494
207
1624
230
1032
142
1925
254
311
53
387
1697
1599
535
1823
843
1905
96
882
2022
956
1427
1264
305
1881
1256
907
1260
1861
1768
933
655
716
864
937
1055
340
1853
956
1165
1151
435
292
948
37
1830
36
1850
881
1806
1325
1880
1726
936
911
442
1613
578
1120
693
114
1203
1089
357
1277
1695
149
564
83
539
1068
1765
834
302
387
246
756
1594
768
1443
1899
1581
1824
559
352
1862
1247
857
169
774
857
81
1821
582
1398
300
1852
1205
50
577
888
516
348
1039
245
634
