3360
3501
1388
2322
2969
1883
520
3732
2009
2006
3173
1445
1037
3150
4057
280
2415
1627
691
483
456
625
611
413
1082
3605
580
77
3440
631
2602
3336
3753
1200
3242
2607
1869
3835
3816
1127
2553
2876
3769
2689
3280
1483
828
2368
1635
4009
2885
1450
2983
1134
410
3214
358
2776
2111
3256
3199
3604
3408
3557
2048
1048
1743
3143
524
1913
212
1266
3309
964
4047
664
1043
2811
1987
1837
1889
544
1811
3272
982
506
1749
3677
170
2176
1047
3550
741
3377
3425
158
1774
748
3777
3164
552
279
2785
3880
1888
125
2107
1522
1359
4009
2249
3608
3567
2
1752
1259
3344
1892
1875
2841
3267
2979
244
3424
2469
1886
877
2563
610
1352
2598
3432
1550
1501
2470
2070
362
597
3113
409
983
3096
3242
2109
1813
2396
3545
1028
3737
899
905
3722
1062
3349
1427
1517
3673
1370
2353
1246
3418
1674
2676
240
3127
15
978
1270
1596
2476
1488
1010
1547
2109
3470
2198
2543
983
244
3011
2584
1865
410
1223
1437
1996
2873
3192
2579
1170
69
160
42
2453
1048
2256
1017
1847
24
3992
3516
210
3846
1682
765
211
654
1723
3517
1601
2418
2045
2171
3964
74
2380
1009
3016
759
1285
3046
2319
1373
1622
3048
618
3952
3707
2312
467
952
1003
2507
2346
3384
2662
2389
3832
2070
449
1968
9
4027
426
27
1473
686
339
1125
2746
3185
3449
2989
917
2253
1844
1454
2782
4060
1918
984
1308
2921
1021
518
1199
1934
485
169
3216
2217
1606
961
1396
461
3763
245
1881
475
2350
194
2623
2529
0
1287
3627
3618
625
1677
1948
1057
2815
562
2038
2133
385
559
1062
1513
3724
3990
3789
2263
1389
64
1606
3363
1379
3102
2215
2254
3942
1201
84
2344
3816
3347
1238
1669
1086
2001
3782
3298
1385
2593
106
1794
1613
1036
4019
1293
2140
2624
2414
2589
3347
1640
2983
841
2618
3658
2531
1616
599
811
1886
1568
1955
2775
1345
298
3072
1518
3303
3949
164
538
2142
198
3317
3440
1683
1582
3382
3103
1818
2801
2160
1840
2933
1397
1474
2327
3366
2460
2586
182
2536
1263
3637
3186
404
906
2217
2252
2818
2843
1658
1154
2372
3752
1597
3130
1602
797
1962
1719
3848
2367
3438
801
2648
2500
4064
3169
2581
1017
2146
2735
1144
424
4043
1007
826
2987
609
2097
1134
2697
1914
1498
657
3272
1732
773
2881
3938
3622
1805
3628
268
3060
2026
3266
1522
1692
3806
364
796
4007
235
931
3685
3774
1777
3920
1971
1216
1423
2900
2913
3613
2270
1070
3263
1917
1222
1863
2544
3101
1813
2496
3980
2526
1778
1964
587
2917
2373
1318
1786
1233
3050
1827
171
1470
3566
1547
2319
2005
3697
245
3447
1881
1729
1444
2179
1618
792
278
3787
3463
1493
2519
602
1261
944
1482
2187
1876
3643
2053
2269
1700
2506
3132
3928
238
1098
2250
2394
3534
1605
2074
3071
1018
476
208
1977
1708
1791
3771
2752
2273
1031
3381
2606
3177
2944
878
1519
2139
1093
2099
121
3245
3942
675
198
1184
1807
2451
217
1761
2512
3524
3094
364
3197
1738
3348
157
853
360
2713
3586
3692
708
2477
940
183
1900
1478
2056
14
3662
4021
756
2344
2222
2185
1541
1650
446
2372
983
2422
2949
1753
2888
3490
3668
286
616
2734
3916
3803
3053
2844
3409
2482
2933
1468
3370
2348
1569
3115
1792
1012
1716
3207
3330
1626
3715
120
3991
1042
2143
2734
552
1631
981
2014
1538
3226
3500
4069
1010
3457
509
526
3409
1085
1681
1758
3375
3775
4066
934
779
34
3916
1468
3225
405
1908
1650
3616
162
2551
971
2158
54
1734
2979
994
824
3449
159
1447
1098
1292
3227
1153
3538
207
1068
2406
2563
3461
2974
225
943
58
2844
1080
2686
3606
2065
980
3297
2218
3445
2338
960
114
570
1637
247
3710
1281
1902
2295
115
3119
3726
3587
734
3471
979
3524
1151
3106
3237
84
3802
2744
3780
1398
3422
1234
2187
4033
2395
3441
4042
932
76
3100
1089
4057
1954
1484
4069
3365
2824
2688
1670
1636
3410
3035
2567
3747
2172
2460
2116
330
1307
3726
1412
2836
249
2439
1097
2369
3815
2324
1827
909
583
3319
150
2348
695
49
2000
3983
2414
246
101
4020
2479
2995
3583
665
3463
3717
3574
967
1803
2189
3903
547
700
942
1614
3137
2010
24
1727
773
3846
2849
1428
3014
790
3099
778
3447
622
1680
2660
3560
797
1756
325
315
1668
1433
1744
2671
1361
1834
341
1149
2739
2928
1025
3546
883
3469
3954
2462
1403
2986
3156
2377
4059
3483
283
1264
3869
2552
2653
3687
3338
598
2950
473
2895
98
3398
2313
887
197
3489
1243
3363
2150
3862
3724
185
1314
3159
691
3141
346
1595
3913
2434
3279
439
2128
769
3738
3450
2743
2055
893
2384
3951
1057
1341
1076
1704
2354
2971
1121
1007
3001
3082
1049
3572
1004
424
2993
2945
2693
1759
1309
1299
1450
1530
2015
3070
2451
1392
1399
2123
2067
3804
3934
752
4014
1068
2530
2203
2791
1290
4074
2309
539
1775
692
78
1662
983
344
2763
2422
83
975
975
827
776
110
3568
3643
3270
2736
2767
3097
3983
2820
2270
3962
1212
3465
1487
2369
2797
2515
867
2091
413
2261
11
2786
75
5
473
3568
1407
3851
697
1575
2880
4043
647
3103
1204
1210
779
609
1370
1316
3136
3817
2462
591
372
2169
1211
1537
1589
3372
578
3727
2214
3183
3667
2870
530
2105
370
4034
188
3094
3055
3451
2833
1275
918
79
709
307
2382
587
3037
3731
346
2134
3617
811
2372
1434
1970
3100
1659
3806
1679
1177
1896
216
341
3775
3540
3898
684
2224
2239
3944
683
3779
2105
1995
2503
2288
3994
1614
1121
2623
2376
2854
2085
3949
2867
730
3538
1396
2036
935
3555
2608
387
3110
3331
3607
781
1565
2641
2510
1019
1404
1363
3405
3454
1773
2896
4052
2931
1177
1215
1586
2950
3007
2414
348
3241
1629
3777
908
1955
409
4012
1535
1169
3132
3523
627
812
3798
1179
835
3978
1909
3410
78
3901
950
2743
437
3501
629
3073
1050
1091
515
1043
390
3364
52
2646
1140
92
3655
3952
889
332
2265
3183
2772
2079
1118
49
793
1366
2958
2510
2390
2584
1286
117
3188
3033
2055
2636
4056
145
1091
1135
3767
3192
3592
3417
3828
766
294
1355
818
1327
2799
1226
3507
548
1233
3857
3677
1510
2269
3016
3612
1167
2002
1764
467
3882
834
4065
1370
503
1956
3558
1179
1944
1398
2744
2925
2674
2249
1625
3192
1613
3656
2764
3944
1052
3707
2457
1241
1128
3214
3125
3162
3076
1833
3677
18
2508
1939
3401
3550
3222
2728
2998
3434
3825
1919
3484
2423
1480
2424
1829
685
846
2821
3144
1932
263
1834
423
3060
1000
2893
2813
2791
3581
830
3086
1390
1547
764
1016
1089
3340
791
3454
2360
3729
3380
745
2524
2994
1286
623
583
3778
1969
2459
1043
2666
1145
1305
1638
252
1673
680
103
1757
1486
3769
2775
2929
2807
1453
949
1516
2559
2495
3693
1766
2927
3223
187
2184
1806
3191
1939
537
682
577
352
2904
1375
229
3104
419
112
2527
707
2390
3080
2208
1053
37
819
822
2822
755
2201
2078
483
1861
3151
2302
676
3511
3933
2323
3470
2180
1189
237
3222
2799
2483
1422
643
3978
3906
1441
3620
3538
2635
2137
3150
3026
2602
4086
2883
2765
1355
1442
1557
649
1725
2167
1745
54
3281
3930
921
3942
2052
2304
3042
752
3067
1594
1362
1545
3788
2260
959
2712
1262
854
1791
2372
396
3292
3069
154
7
3628
1420
2944
1717
754
718
2664
1758
404
2870
562
3650
3472
128
715
2480
288
3180
3221
2134
2940
303
481
1373
3156
2516
2573
1789
3341
2399
651
3531
106
205
2400
536
3551
3279
2303
2701
3386
3863
3434
1465
1095
3647
2636
2885
3094
1979
1240
556
1752
146
2614
575
3833
3952
1639
3890
515
2407
179
2425
2320
2320
927
1345
1162
2023
3276
536
1213
331
2033
3713
3028
3889
1969
3754
3444
1026
1472
1806
2725
3764
3505
1257
1370
536
1177
3926
3682
1777
2164
2394
1025
3309
1996
1448
2133
1657
1820
907
360
4015
1296
663
2863
2663
1261
3471
2977
1477
2748
1610
3645
2432
518
356
1081
3160
1306
1371
1083
2658
2725
1138
2364
988
1336
3519
3417
1283
3317
1663
2553
1400
333
1714
2548
1889
1618
2085
239
3745
3051
2623
869
2697
1797
2881
544
1342
2870
1289
1426
941
2634
1915
3781
3118
319
224
3042
3869
608
975
1625
3352
234
1493
406
1263
1374
2978
3357
2230
3708
2558
1406
458
3526
3577
435
293
2291
3325
840
369
3987
1725
1094
1345
846
1667
2148
2400
3738
3066
1686
543
3906
525
670
3169
506
3766
3114
2697
3580
3800
4048
3972
2398
670
2031
2849
2293
1246
4034
3445
1888
1919
1336
3530
2698
3695
1978
761
1743
1518
879
1421
3140
3704
2245
2456
2649
1361
983
1520
3031
1685
2757
850
1475
2072
2314
2396
2472
788
2949
690
2066
4066
948
3150
2360
3385
1894
1318
62
1418
2349
3480
2775
4070
3358
3178
67
3545
3058
1909
2248
1927
456
606
1709
1586
3409
1719
1379
2725
2053
1999
3678
4042
3288
171
2632
3406
152
473
3942
2570
1917
2138
85
2134
3226
497
3341
1444
3273
1872
1018
1232
639
1996
4011
2487
3618
711
81
3989
997
2080
752
312
341
2912
3100
3384
566
461
1806
1307
2730
3848
490
1921
2717
1432
2283
1396
1398
2501
1051
389
309
2750
817
1369
2528
3737
4058
1780
4083
3853
2452
439
2953
3276
1522
884
304
1855
1781
2543
3026
1918
1174
961
744
2725
3968
2089
3277
3756
2457
1146
1696
3482
2665
3501
902
3796
1858
2801
2703
2829
1059
806
1736
70
1169
1673
1355
1687
3524
872
2673
1504
1933
3595
662
3450
963
1016
1302
718
602
2939
2124
1632
1131
2925
949
802
4065
2185
722
3969
127
552
1454
1957
3854
1573
1858
3767
1192
458
3573
3973
2356
2245
1776
2902
2329
480
3581
3573
30
31
757
3272
3645
1361
2274
3069
1663
1228
1313
1573
4054
2799
2719
2190
219
390
3804
3639
960
1032
3233
3452
3849
3243
1108
1609
1232
2331
2757
1484
3025
2703
1015
358
61
1205
3063
564
451
3393
3955
3423
484
3362
3030
2380
630
3811
334
3019
2979
1034
3962
3429
2208
3984
2292
2732
1732
1100
3882
2805
2318
1254
1068
3492
2263
3652
2847
2659
351
2375
3219
3620
2836
299
3614
2531
207
1565
3367
3474
2491
3611
2176
1365
2822
2100
416
1092
3188
3511
2455
3569
3733
263
4073
2872
2206
1407
129
3868
1204
3125
2321
1980
907
3354
2066
1065
1622
636
3181
3731
1347
4048
1272
1301
710
1395
3315
1268
2099
1313
3960
2097
880
2186
1253
117
3117
2122
3749
640
1861
2021
3374
1566
2330
2021
3228
1183
972
427
3415
2464
18
3728
1660
1768
3274
1027
3846
1435
1099
2508
1516
1041
3084
1305
1603
3094
2807
3915
1343
2068
2331
2811
880
4009
158
214
3429
2510
1708
1216
1082
2663
1027
1684
670
1331
3168
783
1664
492
3143
786
3732
1894
1908
3698
3320
92
3417
2900
4023
2299
3449
1953
695
2033
2240
70
1931
3306
1629
3461
1669
3181
1339
402
3284
2473
412
2665
4028
1548
3486
2332
441
1786
2070
1100
3045
3259
3737
1697
1677
2923
3840
253
771
4082
2088
255
1237
495
1535
333
3446
2737
3579
1242
2285
209
3557
525
2233
2976
403
3264
2581
808
1437
3304
3784
3013
296
3872
114
1943
164
3993
2089
1998
776
4089
1815
3977
635
1295
3167
3389
725
1943
219
2849
3661
708
1454
1816
3829
619
3315
3291
979
3333
3929
2732
215
2566
1102
3907
661
252
1859
3960
2348
1593
2978
4088
1840
2
1964
2781
3197
910
1798
481
3745
784
994
888
645
1864
2544
294
1312
1526
1221
2309
2373
3579
1771
590
367
2898
788
2665
2378
2192
1252
1854
2793
2565
2408
1351
3164
2434
4069
1068
462
1465
3750
854
592
3422
149
3542
10
301
1883
3870
1347
1673
152
1654
3175
3239
3356
2871
231
114
17
1863
227
2830
2065
2795
2268
385
811
190
1510
1326
538
2265
1190
500
276
3206
600
2908
137
3477
1531
3620
2285
3072
697
51
1314
3144
383
3120
3449
984
2607
3031
3426
1059
3571
242
835
3924
3717
1148
271
2026
894
2164
83
1971
1841
3842
3855
1153
769
4090
3587
1566
3229
3031
2554
2522
2993
2507
742
1282
1681
1312
2546
1314
3022
2302
3661
2781
1758
2589
1717
3820
1411
3847
2471
1890
2656
805
1934
614
166
1232
3541
3527
1778
1414
1843
2093
1847
1204
2616
3924
450
3627
3531
2365
2140
3632
2290
3399
3105
3796
3171
2075
3594
3503
1114
1196
3602
1135
1600
3243
322
953
3603
2998
3057
498
2562
383
3823
22
240
783
2360
3903
2890
1635
2790
1288
3395
1809
1
3058
3123
513
2222
1962
986
1136
3139
488
527
3172
2614
3788
2069
3052
3868
2345
2464
2729
1818
2193
1160
1190
1600
3580
261
1923
7
2996
1245
3452
804
2080
1455
648
2520
2761
3007
3936
3989
1830
3544
1951
1762
688
3660
1496
1841
1252
3929
3859
2617
2438
1084
3503
1066
4013
2806
150
1467
1592
2340
3584
1958
1418
216
3741
1897
771
618
2746
1117
3097
2438
3
2908
1213
1998
3705
2142
1369
3991
2371
3743
327
3733
1189
3401
1758
3488
2590
3140
1745
3524
358
2951
3866
1342
2814
2774
1559
1547
3293
3620
2751
1635
2167
2201
861
1757
1322
3696
184
3864
3149
917
2156
235
3244
3323
1667
1802
960
1321
2994
3644
3366
2741
1548
2024
1682
3045
2777
2871
3073
3020
4
1472
1927
4049
392
1167
750
2375
1827
3873
2637
2128
631
1326
3596
3591
3036
2224
3801
911
1410
2752
1240
2808
287
1374
3053
4053
1033
1250
3925
3380
1026
3524
2799
1497
2569
2030
1757
972
348
92
847
1621
1446
800
1723
3726
1121
2626
688
2349
1728
1820
3845
3069
2064
633
2004
684
1255
762
3132
1541
2154
2594
2641
1599
2383
4022
1557
547
1259
3900
2121
2754
3612
3024
293
3271
2425
862
1950
2443
2644
749
760
834
944
206
3839
3192
3653
2254
3052
878
338
3574
2959
1866
3992
2317
2128
1888
1143
2298
2277
142
804
3220
1777
2507
309
2971
2391
1388
402
3420
4081
3878
2141
750
591
1444
976
3239
1334
3861
1200
1279
863
3406
3479
3430
2036
1787
923
1185
2302
1818
2784
2748
1811
2363
3666
2056
798
3591
3054
2479
2912
3920
1916
4030
842
3151
2151
3626
807
1523
306
2307
2931
3292
1279
1345
3541
1864
874
2884
3549
192
649
1222
1623
487
185
2562
562
339
1300
1379
1401
2499
2393
1682
3197
2867
418
1506
3923
2283
3779
3737
997
326
1161
1712
737
555
2930
160
803
1723
3093
3654
1973
3417
474
2560
397
2874
3006
3477
2520
586
3865
1403
557
3337
1890
3112
1532
1731
1649
2828
1844
2949
2774
2611
2322
3026
1387
1798
2184
1545
3064
850
3236
2648
2424
2860
3301
1109
4072
3948
757
3977
3074
1866
3067
1158
1042
1691
1126
2651
133
951
3334
2913
4055
1612
182
3876
618
3618
1325
1944
1351
812
3761
2904
1860
632
2949
525
2626
1250
2738
995
1753
4028
1341
3659
1530
643
2690
1223
3571
881
3446
3223
1928
1534
3594
1858
2368
909
2264
2822
1143
606
3093
1888
2565
2824
994
1230
2819
525
4018
153
1050
1778
2140
2677
318
3911
2110
3115
2164
1769
1070
4011
3899
1396
166
2492
3151
198
2874
3355
121
1568
919
2642
1657
3717
1672
2449
3702
3894
711
47
1983
1025
3553
3873
3304
2242
702
1652
1939
1572
1035
2365
3241
1564
2493
455
1951
3935
3869
1491
505
2095
612
1982
4042
2004
707
1669
3945
2555
3640
2178
3690
3412
1287
3594
2086
1081
3638
2002
592
3422
2314
2322
2844
3047
3887
2872
1504
806
802
3125
1527
4072
3506
1666
62
3387
3620
3339
2777
3786
782
1203
3988
3618
2179
2970
1682
2342
922
2840
2101
2192
3523
2707
3428
759
1898
2686
3368
3969
483
1444
1025
2010
480
1664
3449
209
3129
1740
3842
2133
190
2628
1956
2238
961
929
1330
3875
3331
1101
3208
3167
2982
2572
1874
2948
2346
2650
1828
820
1445
2444
203
1563
2788
3362
1271
3451
1454
2217
798
2531
223
3838
1940
3316
1641
3318
1523
817
2537
1721
746
4008
464
1627
915
3991
2038
669
3204
3056
1135
132
1641
3990
1445
2028
3869
1305
3866
3266
1691
4003
4019
13
363
2239
3151
439
1897
2595
2313
1683
3104
1907
799
2015
2566
138
1032
1699
2900
444
2356
2120
1243
1293
1589
2921
2817
3282
429
2259
1266
1871
2503
2416
2002
145
4011
897
3342
1108
34
166
3638
3473
4054
3803
1775
2408
1775
3017
1692
3246
2908
432
2763
1069
2418
1430
455
3981
3865
1586
1789
738
226
2316
2169
3704
446
196
2233
3981
1378
3246
1110
3860
518
2960
563
3704
798
2093
1894
3970
2532
1660
1560
710
3195
3249
824
1278
3156
1947
2410
3471
2951
2720
3741
2756
3139
2309
663
2870
1193
534
2046
369
1805
3669
866
310
46
2031
128
2802
1114
1817
3080
530
3489
3978
2407
1776
1555
1049
2601
584
2761
1758
2906
2715
2503
1479
615
2102
3321
3317
3418
3852
3666
3428
3280
3460
3226
3493
3644
3073
119
3515
3160
2351
1051
1965
407
2196
2982
2764
3976
3995
2227
602
2076
2442
2123
2910
1964
158
447
754
3725
344
3475
1567
3324
3761
1821
1504
2137
3190
2445
3962
1513
2195
3905
2075
1329
2713
3971
3264
1969
2829
3455
2856
3935
2174
343
872
674
1660
2251
1246
2332
2676
1404
1038
2825
2882
407
2279
1647
592
1168
3771
2893
1353
122
3407
117
960
1849
544
3819
2763
4071
2120
134
1730
2893
3378
3637
2691
3863
2109
1341
3408
844
3804
2049
2843
2966
3828
3338
364
3077
2460
2413
2594
2890
343
2233
580
2705
1283
3380
997
1981
1862
1813
216
690
1856
1195
2389
967
1531
2129
2895
1084
762
2472
986
851
3896
957
2208
1657
44
2202
1435
3070
1730
2027
1839
21
1294
3866
1497
37
2476
3567
1902
3000
453
3681
1322
3197
1049
2498
2562
2679
341
3489
3997
107
1493
751
1162
1122
47
1067
2387
2041
3604
3868
2188
327
432
760
2718
2833
1822
2165
789
3131
1724
1065
1166
464
1161
902
196
3165
1711
1047
1519
1920
1187
2326
3417
916
3233
3725
2090
2228
655
847
2444
954
4027
3819
3725
87
1870
1086
1825
2426
3054
3529
1535
1197
4083
2832
3979
3149
2680
710
1199
269
1389
2358
1981
3472
2378
1627
1640
2244
3352
338
3321
3809
904
550
969
1186
1047
799
1615
1493
3361
1301
807
1877
944
3674
3072
2106
1504
3457
2708
55
3059
69
1117
3180
280
2032
1952
3104
725
2137
296
1084
1034
2062
1917
1249
1143
3018
1925
3763
3244
937
1267
1215
3392
3812
2017
3920
1124
3342
3753
2117
2926
475
245
1951
1027
1914
3718
881
2037
3619
3896
1340
1760
2597
1948
288
3624
1351
1767
1905
2997
2120
967
3099
1878
3666
3752
984
2831
1300
2287
526
1102
4035
1643
2524
2738
4
2574
28
3248
2786
1731
3336
979
1340
1655
1376
536
1667
3457
2440
3802
197
3597
824
1009
2159
3045
3765
1970
2771
3184
1311
2945
1611
2843
3787
1587
3346
1921
2131
365
3504
3695
1134
98
2061
93
1103
3211
690
702
3627
1279
684
1757
1042
3476
345
2301
413
1883
3176
4088
2251
1777
537
3863
1505
1013
3097
3661
3174
943
1603
3942
2757
429
2685
389
650
140
1998
386
159
2440
1122
3344
440
3570
3483
777
3563
1985
1638
1475
367
1933
3609
282
399
2894
545
341
2074
650
2604
1581
3441
2802
3024
2180
3636
2708
2787
2698
1045
3252
1034
2903
990
4048
726
2074
301
3174
3322
1619
3765
1161
2299
2418
3337
835
188
2817
2882
2556
3931
3437
3798
3557
2450
3734
3234
2812
2168
2664
2353
2028
614
3401
2381
1743
3573
3875
4040
182
3806
2095
2161
805
861
3608
1899
226
2849
184
2130
2501
551
3591
3191
1829
3686
2152
89
1825
3668
2898
794
1201
2422
3834
1907
4083
864
968
608
3294
3927
2261
139
1074
1385
3911
2555
2526
2075
3001
3654
3607
3624
3117
1915
774
1925
3903
2202
1631
3402
3078
3260
3577
2072
1398
2782
2566
1848
3282
3535
1813
2827
1428
3084
3348
2996
2621
1340
1460
2987
3911
2294
2137
769
1472
2656
1904
1712
792
1349
302
1000
129
3717
2859
1889
2910
1872
1604
3102
2945
95
2344
88
1688
1561
524
3586
1657
1577
156
1647
4022
1856
1972
268
3890
916
1945
974
422
1997
3875
3644
2256
223
274
1533
2260
2109
4067
3188
3983
2971
886
777
858
2615
0
2903
2216
956
2174
3904
2138
3369
51
2808
1064
1859
4062
244
1874
1535
1674
358
167
1573
2413
3527
780
4070
3672
1977
1671
476
3881
1802
196
1764
2686
619
3977
925
1458
537
1605
3007
1467
1073
296
3072
2279
3491
2825
3161
2026
2894
2595
2638
2150
219
449
2393
3209
3027
85
3819
611
629
1597
1406
68
3295
1665
1825
1097
3121
2168
3980
513
347
1546
3239
755
1392
2842
4025
291
3619
2503
3607
190
3322
50
1555
2093
1401
4007
1258
1325
2732
2277
3975
3083
1378
686
360
3103
2139
3661
2998
3818
1922
4066
1440
2419
2396
2270
3994
1520
505
679
1380
2777
2769
530
392
3232
1288
3063
1351
335
571
442
1831
2252
1559
1700
727
3695
2848
2153
1976
3168
3164
2754
1362
3895
3098
2412
2466
1413
3136
467
931
2413
3862
897
3526
612
253
1034
3963
2802
2387
2926
2463
462
3558
3744
298
2363
676
1123
2122
3088
1231
2802
2683
8
2307
3486
2121
272
1221
2658
2782
3366
2456
3954
1790
1430
3413
124
2254
3501
2955
1441
2286
2218
3719
884
352
1586
3504
3944
216
1703
1532
496
825
3656
890
791
2892
481
3224
712
1357
3946
2446
34
183
2578
2322
832
2547
1617
3376
723
3940
920
390
1897
3782
229
3862
152
2358
2157
1041
890
3450
1389
3710
3496
309
99
252
3411
1706
3978
2662
882
2133
262
2223
3132
1949
300
3692
3260
2288
956
1664
2380
2003
384
832
3313
4057
993
929
2897
1428
931
2086
2223
698
2377
1212
2402
1393
278
1879
3162
719
2492
940
2255
362
390
877
460
985
938
2125
502
1068
1488
1038
598
465
3894
1221
1547
847
305
1238
3917
3490
2054
644
2502
3173
2721
2407
1972
192
3013
3344
2428
2394
273
2413
2469
3886
3707
2920
1548
3958
3021
3806
2488
2504
2770
2626
808
3472
2057
2392
3238
2828
1533
1568
1137
780
3877
3003
3255
2466
1387
1025
3828
384
2075
180
688
1956
3087
588
939
327
1902
1766
607
2364
2603
113
3624
1269
2595
1190
1774
4030
2171
3403
3253
3944
4054
2013
1073
222
1279
2518
72
1243
2989
3708
1455
1452
2913
3467
1613
2044
522
3521
1212
2247
2601
1466
353
1693
2553
3628
3714
200
483
852
91
3749
1693
2759
1271
402
2534
573
2434
1623
1646
2129
1265
3707
3348
3919
422
143
3581
834
3447
3745
3423
707
4075
2001
217
2852
1737
193
