5031
4630
6506
4723
7139
1960
3052
1786
1759
4545
4402
3415
1544
2713
2855
5696
6993
1981
2711
7722
7207
7446
4804
6086
2633
3244
3115
6639
3399
7869
210
17
5364
4802
3379
5247
1629
5381
5184
835
3368
7256
7682
2769
4918
3672
5998
2435
5848
3858
1622
6171
777
674
6242
4905
7406
3234
4558
5150
3034
3944
4912
7553
581
6125
3372
5192
7601
7474
867
996
2625
5743
6768
1003
7604
4762
4133
535
8156
7031
3340
861
6974
1937
5492
2347
4572
4531
419
6454
4771
1127
2900
973
3155
6054
4268
6557
3580
1198
7285
4371
688
2109
7756
1570
5822
3897
6779
1449
4014
3167
4894
151
1362
793
4305
5219
7814
4703
3889
2018
8138
3260
3809
697
7647
3840
4562
4074
5065
3597
7268
7642
4272
2959
5011
525
6484
4153
7481
3742
6745
2607
7251
3404
2285
3600
1018
5300
5789
2447
149
2104
4638
6242
2333
7628
7198
6103
7507
794
6385
1328
4746
5978
5485
869
3392
649
1587
4699
3773
1341
3504
8171
6528
5596
4119
5197
34
4720
6985
5005
4748
6333
641
7082
1684
6965
1138
2237
7890
2024
3361
5216
4749
7652
1202
47
6741
4145
7181
3445
18
1284
3294
847
714
5270
7577
4085
4118
3961
1335
6263
6668
2106
6574
7859
3625
8106
1461
641
2151
4263
6855
2043
1361
2961
3373
3926
5320
321
2566
2205
726
3387
1958
1622
3394
7091
8084
4698
5464
687
2607
518
260
6955
538
6284
5391
5251
5331
2225
5784
3459
6001
7069
5018
1574
7332
5875
3290
5409
225
7356
3152
7731
3269
5911
7466
3240
7769
6271
433
75
25
7481
8014
7599
5377
5843
4049
7053
7922
1660
4370
6522
4385
5434
3515
7498
129
7706
3967
7130
7565
262
4929
736
6785
2641
5146
6719
1913
2814
3296
3610
6824
2029
4082
162
1309
4289
7804
3525
5521
8084
1401
4866
5719
2874
3835
5286
404
155
2454
2455
4490
1136
2819
1319
2169
4611
6744
5984
5067
2670
1462
772
1558
2942
405
919
975
1711
5349
1698
6352
3333
75
8185
6949
5857
7454
6630
7296
3666
1786
5849
1591
5050
6463
4029
4170
117
1346
4462
2732
2112
8145
5092
7311
429
976
2703
631
3461
8070
6920
7148
1595
125
7983
6615
4726
1029
1747
5670
6113
3414
2849
7426
2487
2380
6808
3914
5890
6482
5997
197
2632
7436
2808
6499
1911
4138
7896
4404
1451
982
7275
1735
5487
1881
1065
4053
991
3328
3927
2913
1382
4921
5436
2735
3416
6578
1091
1789
297
1997
3064
4665
7130
4837
3177
1630
6611
3813
7533
6007
7938
7334
2014
4906
6336
1212
59
5647
4792
4580
7131
7639
7077
4848
3752
3882
6889
1935
5974
6086
6917
2326
998
6620
2482
3069
1620
1669
113
6186
4127
2760
1939
4708
334
1414
3915
7881
5871
5624
2779
3448
3846
7030
2736
6523
2831
2481
6507
5179
6858
6117
1162
4652
4542
954
2609
1385
3197
7288
824
4264
5012
8080
1912
4147
6763
794
4442
5664
7825
6626
2694
1491
6149
916
2714
4548
5158
1936
7090
2171
4067
1852
3
1818
6875
7171
4704
2178
295
3017
3121
785
2098
6036
2000
5100
1527
534
5582
1458
3333
6682
7479
5281
4293
1591
684
2911
4281
4349
3538
4675
6764
7681
7459
2219
7033
6498
5457
71
2116
6238
5397
5265
4201
2821
1546
6813
5807
6045
754
7854
4131
1410
281
2656
1947
277
7597
7485
6433
4123
3828
8181
5864
6251
4065
7842
5209
990
4386
2615
2096
8090
405
5621
6628
3765
5063
2285
2674
202
2852
139
4656
1567
6713
3462
5637
5993
2463
1420
5605
5351
5566
5606
6776
7607
4833
7443
1450
6092
1910
1217
5592
3958
1269
4342
4947
5602
458
4140
319
1907
5465
3354
2831
554
4253
5752
557
1562
881
887
3079
5282
631
456
182
746
5882
1897
5550
1084
255
6197
3149
6118
5063
4251
3527
3873
5889
3563
189
1039
4773
6206
7177
6244
6693
1745
3317
5115
3897
3870
5210
1582
7249
2225
1222
2853
7616
3404
825
1535
7862
7189
4369
6636
538
1642
2719
7953
5274
2346
616
6840
7871
5119
6370
6420
4537
7320
3311
7768
6950
3099
7905
6472
6651
4489
1525
402
30
1293
1083
7634
5595
6427
1185
4366
3372
3043
5318
5533
1272
2655
4088
5136
3261
6369
7320
6743
6387
512
4911
251
4291
6270
764
2631
6117
2941
6485
4521
396
500
4247
970
6134
1501
7637
6694
4357
7813
1703
8103
5804
4089
2315
4835
27
2307
2466
2468
1695
6406
7786
6633
3917
6098
6784
4648
6481
4241
1705
6643
3759
1472
6251
5506
1975
345
4726
5363
2688
6546
7029
5322
1199
8038
6048
1266
4429
4384
5721
6083
307
676
6305
2727
5301
6718
2385
4508
5473
1047
4425
6877
2108
3700
1799
273
6415
1898
2867
795
1374
2739
3297
325
2250
4261
3545
4271
7966
959
1640
403
1379
534
327
4935
4348
7980
4438
6525
4264
3436
3445
742
6631
262
4336
2991
7599
707
971
472
5533
742
7331
2902
7121
6020
4658
7721
2757
4398
3682
5478
6079
7401
810
2926
1462
5223
4524
3688
621
3538
322
5388
7465
3804
3861
5283
7432
6741
5866
18
7676
916
2618
5498
8175
1962
5599
7244
414
7251
1276
4840
956
5590
5852
5741
4813
4394
4769
1981
1619
4913
4601
3136
2051
6074
1357
5009
6408
6897
5772
4419
230
1941
5275
7025
6419
5387
6230
456
4437
2423
8053
2211
1508
1245
4314
4883
3394
3329
7401
3179
6454
1787
7404
6857
2064
1968
5200
4974
7696
7202
4010
6890
8019
2007
1876
3250
4027
4321
5675
2838
2299
2844
6713
3021
457
2586
6906
2115
982
4788
7562
2485
706
6134
7354
1321
2343
4502
6471
2420
8153
700
6925
8039
441
7347
5249
431
42
321
1074
4831
1459
2493
3417
3529
1255
7606
7028
3388
3764
3982
5382
1871
2803
317
6679
6571
2082
1146
6061
1869
328
7399
6285
967
3721
6885
6706
3429
5660
5802
5748
1946
3103
1917
3452
3229
5285
6879
1549
3437
2769
7629
4991
6031
6908
3095
2386
832
4654
7566
4086
2655
2226
7446
6098
4602
3025
3129
5256
3029
5087
7009
4999
7359
3171
99
6110
8089
2245
2014
6949
2313
642
3047
15
530
2811
3939
4934
6487
3860
5852
657
1546
236
3649
3083
5970
3301
1168
6723
2779
1490
231
5058
6140
5009
1603
2935
12
4569
6471
4352
4357
223
8094
3115
3168
7041
2342
2572
2569
6171
4098
7724
2759
1232
1554
3067
7859
3137
4931
1915
4159
391
1930
3021
6760
2153
6391
3427
3607
2942
4425
2584
8113
4473
5381
5002
7545
6680
5485
2804
617
7065
5554
6730
2168
6223
4648
7843
1678
4543
3987
4734
7141
4423
965
1067
1411
5090
6554
6485
4417
6816
6981
5991
3103
3264
6331
1978
7427
5054
183
2690
4381
2723
526
7701
3489
3026
429
4766
4904
1065
453
3528
1184
2998
7667
7240
7359
5726
7047
7755
5449
6089
825
1623
7013
3839
13
1864
4007
4395
5794
3694
1493
5385
7165
4772
392
3533
2672
639
7466
1767
2184
5444
4793
5735
3902
6451
734
2193
3941
1844
778
1517
2451
6899
3087
7527
6938
481
3725
188
3070
4714
3106
3946
4205
492
7013
1599
2855
1343
6976
1093
6423
2097
5378
5602
6605
369
4710
1976
2979
4016
5326
5168
4636
5620
7908
5289
973
2030
6883
3092
1398
6444
825
1606
2064
270
5362
7939
1972
2537
2248
654
7450
3780
4885
2210
7562
843
5049
3952
4194
1054
1839
3229
4041
1712
6753
1476
2411
1393
3553
6271
6677
2399
4310
7419
6734
1781
6419
6286
952
8091
2082
1804
2842
2863
6826
3745
2080
2105
3558
7533
1826
3758
1586
3607
3077
2388
3016
7434
5875
2738
1121
5412
4557
5974
4240
6202
6697
3913
3771
2661
6053
2626
58
722
6995
6126
2444
7292
542
5161
5065
844
7986
4090
5426
4937
2686
4425
713
5865
5759
7892
1713
5160
8070
6467
7921
5524
213
2225
7973
3767
479
497
6036
3314
6423
4400
4940
6918
5895
4166
3416
776
1358
868
5209
1184
2036
7824
2575
7862
4023
8176
3029
4050
6154
2325
214
3459
5009
3895
6511
7023
5313
8073
2531
2136
4020
2603
728
4694
6508
632
7459
5991
6062
3939
269
5740
5786
174
6963
7036
909
3817
6624
7206
1180
4410
1659
692
1437
4976
4227
1583
8165
5216
6842
5620
4880
3752
6211
420
1138
4067
255
2497
5597
841
4760
5094
5321
1066
3798
1829
656
1626
362
990
4330
1412
2792
7396
5668
3289
5651
5383
5495
3806
824
4555
1336
4446
635
436
5895
3229
4044
4562
3358
7739
4813
5254
191
3314
2460
4819
8173
7865
5461
4677
5540
2262
3851
3987
2590
6141
4487
6695
2967
2521
7466
7599
5778
1123
5360
5507
3415
5709
4733
893
8137
1286
4922
8086
2065
7231
876
5668
259
7583
7722
2044
8000
7600
4348
3240
672
497
4722
7386
6702
2459
2007
5734
925
8108
6529
1046
5340
7031
6398
1781
2525
617
7444
6512
4970
733
3154
2997
1930
4510
2666
7409
4172
870
7940
1020
3658
7701
8030
3446
5183
817
3031
5656
3447
4707
7713
271
7400
3762
3037
7641
158
4949
7911
7822
3441
8015
3145
6216
6438
6598
6593
3392
8159
8024
1804
3450
6081
2350
99
1494
7538
4264
6139
357
3825
74
7784
8072
711
1427
6449
5146
3715
8126
5194
2415
1714
1942
8134
8006
525
6437
1272
4791
5136
4655
478
60
3973
6021
1593
5614
6895
4519
7253
549
3426
2944
2373
4418
6860
981
7745
7386
2885
8013
2964
1331
5409
8122
4072
525
5156
5671
502
2552
6218
6270
6754
5468
4570
4192
3261
7095
499
5889
8188
3226
1521
2587
761
4690
5241
4676
3084
6915
4083
2530
1459
3031
3864
6958
1678
3127
482
1805
745
1072
4173
6221
4164
5871
2151
4950
6477
1999
66
6877
5010
4439
5689
1979
706
122
6922
598
2354
5700
1782
5169
4961
4284
864
3068
7760
2849
5522
2142
4644
1136
1480
6589
6161
6827
2308
3089
5649
3526
578
1244
7961
7054
389
4939
3145
7671
4504
7291
3803
7239
6013
6186
3560
5842
3152
7121
3958
4609
913
308
2621
2138
5055
3295
5603
2286
3755
4216
2243
49
5184
6805
3246
6699
4490
6128
1461
379
3187
7206
417
3235
3676
2571
2997
4752
8013
4731
6016
2378
6686
4869
2392
7799
3144
6626
5234
3917
4235
2765
1167
6590
8089
6914
3683
5771
5039
952
2353
4432
1085
5589
1972
4822
310
6232
4321
6445
6215
2148
7558
2886
3059
5190
236
1683
7007
7891
6417
8128
4868
4346
6573
4199
1225
1782
168
5528
4506
6191
4731
2677
1978
2878
6346
2569
3767
6351
7241
6762
382
1038
4772
2850
5878
6402
447
8144
1380
6226
4619
7010
5670
1801
8116
5890
4234
5406
2077
1515
1683
2185
2341
5248
1957
2470
3228
3753
6863
278
4062
1749
5787
1131
3590
2399
2009
1561
853
410
341
5952
536
2317
8085
3404
7276
2195
3339
4735
3194
6586
4089
772
1472
76
7920
5420
797
6923
1612
2847
5595
581
1006
5887
1335
4946
6281
4269
2007
364
3957
185
2049
6271
116
7032
1621
385
4158
3499
3602
3185
6906
1690
5089
5055
6069
8148
2649
4087
823
1527
254
592
716
6644
27
3850
2836
2513
7092
897
3016
7340
363
4351
5976
1764
1005
833
1087
4020
6332
5362
3260
1155
4028
252
2952
3314
7999
2573
1084
4546
2469
6258
4105
2625
2468
4986
311
5743
4428
6348
7303
3455
2538
3217
3662
5414
1382
1258
3472
8179
4453
741
2058
3563
8107
2551
8131
8175
2924
492
2340
2421
1601
2253
46
7524
7058
3013
3820
4649
6338
1952
7291
5678
5885
7692
5320
6894
7334
4038
3180
5126
180
2276
3497
3388
2730
3913
7784
5987
7575
6641
1693
5659
0
2987
3647
2079
1717
1889
2351
8153
5013
516
409
2783
3663
1260
5546
1660
3761
1853
6677
3017
6395
4739
6584
3163
2292
3114
2504
5213
8017
5656
2603
4258
1060
7402
2050
4092
6065
5681
4473
1156
1177
1584
7981
3651
6564
2908
2328
5667
892
7596
563
6702
6344
1423
7389
1397
4764
7475
3612
3382
1595
371
6728
3465
4013
5411
5319
2506
5771
4037
7267
3823
7043
3092
1258
6709
5583
4471
699
6894
4043
5194
6353
6239
2197
4231
4177
258
2245
5143
3324
3338
294
7890
4591
5630
6423
4402
6422
828
754
1979
5283
3018
7303
7921
6345
5509
7592
1008
6959
1865
7351
1953
2823
1638
5589
1040
2051
8053
7073
5909
1621
7758
288
1480
6462
3093
5220
998
5798
6544
3320
3393
6742
1206
1041
663
3550
5282
4595
7948
5810
2407
2497
2068
3371
5896
2067
6371
7895
3717
3125
3025
7411
635
7936
2805
6354
7190
5193
5148
1717
6985
2275
5940
7508
3113
1753
1173
5784
1676
7087
7598
1668
4637
2928
7733
1062
2071
5179
498
8086
2887
2433
3888
5806
5314
7210
5576
2565
6143
1649
2007
4793
5786
8075
7084
5352
5288
3391
6574
4960
3625
3171
4987
1823
1836
1815
6822
2704
1602
2580
2406
2658
3863
2817
6169
6409
6447
126
90
779
290
3216
6610
1814
4835
6738
5119
4611
5376
2825
1882
7421
1980
6208
5241
6713
604
2046
4918
4734
7610
7873
7103
5405
2423
1539
1941
439
6098
4805
1276
7845
7159
4338
7332
720
6009
2995
3243
3825
5940
4917
6302
2810
6374
3586
1909
7307
7037
5034
2655
701
5452
4910
7294
2344
1601
7957
924
6898
996
3697
5823
18
4445
5993
2110
793
7527
4925
254
6614
5295
1945
8191
5780
3884
2590
1267
6175
8001
5969
1118
4252
6014
5551
2204
6945
7691
6285
7773
3089
3777
5266
1663
4937
6883
2499
5386
2697
3444
7684
775
7102
7493
1289
1194
6210
2006
1431
573
4547
4605
4954
1847
5389
1591
257
1097
336
5367
6932
2567
1463
1866
6428
4975
2271
6899
97
392
1254
2634
651
3996
7136
2902
2628
7021
806
1446
472
2017
5021
7615
422
1733
7773
6803
5541
5297
892
899
7348
6087
2820
1112
3185
2102
3508
548
1933
1351
1593
1788
6500
3500
7700
717
7259
3240
6917
4514
3869
5287
4775
3530
6336
7587
7566
4500
4345
1521
2120
3109
369
784
5397
7351
8174
924
8066
8126
8083
3792
1754
2155
4340
6836
7696
7572
1525
1283
1781
2249
4186
3228
4336
5165
2559
4407
4014
934
7876
7314
7769
7569
6588
2432
5163
2384
1971
3457
7188
7531
6561
3721
6716
5010
7680
555
1668
579
4994
4926
8034
5172
6711
5046
6981
7416
7368
510
937
2352
1970
5129
263
8064
7080
3414
3076
5412
6068
6046
3546
2383
4286
3126
729
2053
1952
409
990
2065
2662
4495
6429
3853
3654
5254
952
3250
1218
2006
7055
2649
7027
2032
6583
3295
6388
1459
3066
6023
7419
2660
5051
2317
7735
2535
420
1480
4046
6253
4963
1752
7482
6833
2952
5943
4656
5035
5874
2799
5425
6855
2474
6994
5966
2612
7194
6365
4290
6499
1038
7192
4731
7665
1244
7038
2671
4748
297
7979
6019
880
3536
4629
6917
2846
4913
2646
730
3564
3690
6368
3806
1705
2781
1067
2008
1213
8184
278
7483
1596
5342
5400
4859
7848
4304
1259
6618
4940
7491
5914
7819
1317
3811
164
6951
3825
4061
3864
995
920
7869
5089
2944
3158
6984
5454
1862
1944
5547
2799
7427
5300
7238
6933
1500
7719
7001
1942
5421
812
1781
2888
47
6493
6132
123
1409
6898
8142
2701
2714
3820
303
1069
1150
3336
2060
1862
6164
619
5940
3264
6551
5896
7664
5984
2060
4215
5235
2136
3704
5212
805
2651
2930
5428
3840
5715
5451
4532
5456
148
1418
1946
6512
5999
5323
904
7399
1738
6865
2678
5416
1144
2174
5330
2055
7118
4652
5182
3246
7996
489
4861
1619
5461
5918
4753
6509
2297
6534
5438
2568
385
7938
4258
6278
1828
6302
2070
3392
3446
66
3161
8121
6097
2279
444
4832
1417
6333
2057
1175
5130
4668
3978
3243
3777
4522
2182
4972
6455
4224
1110
3243
784
7472
5181
6587
3027
1946
203
6739
1286
6148
2632
3031
813
7634
482
7746
3080
2542
2811
6310
1837
390
5359
3167
5121
3603
3724
680
1291
8020
998
3052
1331
7358
2531
7441
6828
2984
7720
5071
6085
6792
1381
5036
4701
968
6214
2467
7261
1707
2513
2594
1490
1614
2869
1623
895
3049
3275
1383
6062
1526
5090
7420
977
2101
2437
7486
4377
5064
818
5643
3312
3849
5098
5162
1723
521
662
2156
32
6144
6031
432
2771
7095
1397
4269
3862
6897
6137
7513
1248
3751
4475
7647
4863
2897
2682
423
2720
641
6598
788
4256
3719
718
1402
2168
6299
47
4775
4254
14
4666
4271
2852
3708
7309
7826
6661
7254
6372
5789
4226
6630
865
5009
2339
468
3556
3079
942
6382
4915
6225
1915
240
907
4230
1020
2670
1513
4443
5594
1879
5093
3096
3762
1449
5404
976
664
7701
151
2742
602
1516
5141
1350
4827
866
5678
757
2230
7541
5190
8127
3946
6233
1683
8013
5175
563
7485
1839
4622
1604
4069
1343
5273
1902
4726
5229
6471
4954
1990
8111
1405
4761
5847
4657
5416
2640
2324
5970
4055
7669
3566
7618
2915
1687
69
2659
5993
5305
3899
5251
6164
2490
6807
7467
1004
6530
5124
8006
371
2388
6964
716
5134
302
6383
1062
6649
5832
8052
1660
61
3915
351
6770
7021
4021
7040
416
4474
7798
7353
6206
3828
5409
8052
5389
2178
7741
166
1746
201
5779
4929
8095
3768
4011
7932
7792
2345
3627
7995
6218
1093
1909
4186
1719
215
6153
5886
4427
6338
7468
233
3171
267
7861
267
6648
6885
3351
7277
4996
6285
1930
6010
4941
107
4378
3694
1906
3563
5735
738
6402
2101
5229
6542
7847
3671
3705
3939
693
4198
1486
187
7707
5781
2448
1562
3310
5575
1874
2815
926
3047
1878
3880
6922
3490
141
812
4170
2038
3302
3025
3904
1311
3897
379
1517
1098
4850
5420
6562
3471
5629
1745
630
7588
6746
4795
1682
5675
2260
7719
5945
4610
807
7262
7975
4213
4578
4104
5718
2040
6615
438
3647
5884
2532
1468
570
6183
6207
3689
3314
2304
484
2631
1745
7242
2294
3223
6101
1983
5399
4041
5785
5146
2797
1135
6726
8127
7209
3415
500
6538
8136
7390
769
8073
6882
7745
4120
2446
568
1129
7161
7319
7740
569
7533
4205
3342
3194
1307
7637
8010
2307
5834
6061
3404
897
7280
760
622
4321
319
6066
1607
7509
8037
5337
947
2422
5187
337
151
7651
7870
3373
1312
1286
1415
6820
2049
6774
7844
6148
3967
4972
6207
5274
4144
3108
2408
4569
5912
5235
7687
3576
426
3497
7991
7161
4964
1095
2549
7861
1146
1165
5091
52
6380
5125
4172
5380
2484
5908
5200
4727
861
6239
672
5869
1194
5032
5226
8077
7027
1693
4276
1495
5531
4538
2709
3930
1285
3775
2955
3647
4848
5962
2235
7395
236
4685
293
5754
4540
4246
1533
634
2727
2775
7345
3388
5966
2519
5751
4860
7039
2020
3793
8127
5362
451
5068
4531
6940
7275
6229
3832
4951
1961
7934
6678
987
2127
2556
557
3276
705
3817
8112
8176
7649
7898
700
7344
7314
505
2465
1484
5267
5322
6145
7385
4342
4411
3082
5617
4216
5685
484
6429
993
3344
6173
7471
5005
964
440
3624
1213
3655
6065
7601
1797
840
1336
6390
1992
4378
1897
8014
6626
3424
6086
2958
112
5026
6478
1555
1625
3738
1585
2682
3185
7121
1510
3787
272
884
3453
1100
372
2747
3983
3707
3181
4450
5996
1175
4444
4351
4849
4742
5926
4974
4809
5112
7686
6068
7076
7039
1477
2155
329
586
5766
7824
4788
3860
5580
2434
7805
2597
7251
4717
4096
6706
8091
1304
3706
3188
4317
2243
7111
7112
2888
4257
3975
3357
3868
5158
57
4046
820
7505
4910
3676
6447
2312
3041
4665
289
3895
3683
5427
640
5918
7631
3682
892
4636
7432
3618
875
7355
3929
4332
3600
6155
7533
7300
1918
977
3316
3545
3204
2896
5690
2528
1976
8082
1703
4162
7328
3840
536
7553
1884
1617
7860
800
7797
978
2135
4072
3038
3244
6059
1116
5553
7191
5299
7773
3215
2926
7034
4892
178
516
2866
4952
5942
1126
5350
1718
5973
2166
230
974
3408
7361
2576
7077
6493
6308
2817
5369
7681
3991
1885
1500
1994
483
1162
2097
826
7165
8128
4068
5345
3136
4599
7933
4139
171
1928
5610
3317
328
6080
4708
6986
5823
1306
879
2491
6451
690
3601
5856
2573
4370
7515
5938
3815
2956
2144
3065
4137
6809
177
1070
5535
3270
1244
3400
2408
7195
7008
2417
407
2177
6716
7302
7173
2976
1569
1878
3174
2694
1306
142
412
2833
776
3237
5096
7466
186
2257
1697
6196
1528
3161
3024
4346
2821
1006
92
5549
1839
6178
3161
1108
3159
3719
1933
1251
1358
3996
1501
259
1558
495
2926
7965
4951
7434
4901
4740
7889
4154
6150
6866
5682
5532
7158
707
3124
6939
4367
819
3496
8014
5033
5031
3846
6365
3070
1030
2100
4959
4827
6682
678
6753
6061
1421
7643
2462
764
1996
3616
3189
2211
4413
3282
2024
3166
7511
6426
3320
2451
4236
5358
1815
2495
2183
3872
4819
4896
5179
2387
4433
53
7490
4736
2536
6089
3416
4597
3724
3155
1276
2034
1555
5809
6619
5426
2664
4596
1843
6018
5190
4077
1156
8030
3430
3355
7767
3308
5112
6687
4633
7786
7215
7940
4088
4060
1250
579
3942
1540
6992
1348
4935
7702
6845
1078
4166
4312
4118
388
4586
7248
1756
4743
2597
4199
1282
4238
1082
1493
4291
2363
3992
7532
3496
872
2849
3989
5106
4335
3691
6939
6304
1777
7670
689
36
7443
2326
6804
4220
7547
1677
319
6913
5574
1659
3749
164
190
5391
6488
984
2120
1337
7566
959
28
7622
5435
8049
7363
529
7446
6418
245
8132
2768
4819
6346
6015
1242
2928
7959
7536
6006
6530
7252
6666
445
2740
872
6570
2576
650
3572
3531
4982
3131
7771
6803
861
2022
5019
3851
7591
6071
1818
7110
3615
4365
6264
142
5371
6573
7162
641
5667
6974
3175
3706
3088
2146
5364
6221
7023
7641
3203
4061
2672
6680
4296
4799
1961
2423
3145
2702
3351
8183
7156
587
488
424
268
6478
6444
2383
1958
1345
993
5009
4383
4177
52
2350
13
4063
2663
3819
6386
4599
6340
2184
830
7017
885
3010
5442
2430
3257
1026
6013
594
4200
1786
4354
4572
7156
1551
4413
5389
7539
1459
5818
5125
4741
582
4758
7926
827
4305
4007
6968
4263
2295
1520
8121
4013
7729
7944
7355
8152
7590
2484
1714
3030
7545
4710
2920
4748
3452
7245
2237
6174
1684
1061
2136
1976
5465
3598
5772
4597
1137
5139
8118
3296
7446
5524
8072
7457
7896
986
6175
5751
7129
6343
7831
7620
1687
2332
6958
1885
3926
5852
4977
7996
2799
4012
4978
7562
1204
5115
6594
4239
392
3230
6513
6521
7695
7652
6432
4253
3919
2664
1607
5554
7103
7019
5013
4703
8176
7185
6444
311
6759
2757
1009
3887
217
4048
7267
4366
4645
3658
2095
3880
5107
6877
3294
6275
3584
6667
7906
7046
5104
1180
2121
6915
3701
4116
2449
8060
1483
7234
6749
1469
5145
2833
4405
2862
5674
2286
255
88
2619
5103
5624
6678
1093
3866
6468
756
5826
3906
6791
3979
8179
2805
356
7308
2599
3673
3289
2056
503
1502
6060
6171
7448
7524
4755
3983
2397
5422
6027
2092
7183
2359
3485
6802
3159
6381
5495
1228
5164
1304
6575
3862
3375
4915
3606
1041
1908
5702
2776
6919
1754
7775
8171
5084
479
8062
883
41
2155
2675
7190
7518
7217
7298
136
5167
6319
4753
6339
5810
2668
6160
2459
6631
8159
785
2113
1804
2750
6862
5909
3794
5680
3844
5984
887
5917
2332
4987
4669
6659
6848
2575
860
5136
7787
212
7720
5356
2430
3729
4578
2176
2534
7104
5279
5794
54
5748
6864
6593
1890
7253
6312
5040
6692
448
4931
379
2187
775
4874
5008
4441
525
7383
7639
5751
2357
6190
1198
442
6180
336
5652
3183
6432
3411
1600
6609
1926
903
7260
873
6656
7994
1039
3503
6297
8
2696
7440
2799
2480
6924
2974
6970
6751
2772
5013
4055
7236
2202
5673
6311
3674
3694
2456
8034
7097
374
4262
6802
43
2655
4189
3210
2768
6166
4289
3679
432
190
3078
4235
5505
5401
3675
291
902
6018
6176
1378
2883
3838
5306
3449
2346
1726
1572
3023
7584
3286
6616
4555
4778
1233
1061
939
3941
808
3485
7457
4656
1064
4575
1580
2164
7745
5747
7449
7490
2807
761
8177
5751
4364
5618
4936
3534
8121
524
4226
3754
7865
7443
4843
742
7021
8100
548
5365
7659
6177
78
4067
7819
4204
5846
7477
4455
1447
2993
2722
368
5086
4811
1290
6880
4373
5803
1283
1264
4924
5996
7338
2785
4302
4668
7922
7516
267
3014
6675
5528
3879
7237
7313
1889
6089
7744
2316
6458
3124
7891
2931
1230
2903
4283
5307
369
3109
4105
111
5769
7470
3972
6217
6775
4106
2653
5809
5975
4823
7783
4834
1737
6864
4154
6201
5333
3029
3527
2728
3704
3398
2759
5554
3810
2024
7008
5993
630
1995
3360
5070
8089
1252
1999
199
4099
3594
8163
4999
7283
5485
5765
1370
959
1638
5442
6029
6124
1582
6946
5088
307
8139
90
2789
6485
7670
7832
3117
4563
1933
1276
2415
6348
8073
5264
3117
5843
1331
4298
3016
7120
1678
205
7960
2065
5714
2198
5810
1154
4854
7611
4172
3887
3099
4572
2675
6362
3268
5968
5287
4624
5429
6346
4844
5820
7874
491
3062
8061
464
4183
4875
391
715
5933
2569
5794
6637
604
2029
1568
2780
5661
1835
1389
1085
1317
7861
1185
3674
1672
1621
6573
350
118
5668
950
6028
4574
3269
1785
2315
3673
1352
1171
1272
2485
6739
1369
6648
6250
7868
5
2099
607
6610
3623
6463
4347
1894
2444
1142
4281
5953
846
7988
727
5531
1741
1523
1670
4890
2840
7158
2846
3805
8076
8163
5048
6768
4906
543
3138
5617
6504
6246
7646
7554
2699
3145
1753
7834
2408
198
2161
2069
2829
7232
6965
5497
5612
3210
6067
4848
2585
5833
5772
4183
5801
5423
7488
4671
2990
1755
1664
4868
5694
2587
3482
4691
6344
6896
2139
6882
1743
2413
1560
2128
6014
5278
2232
7148
5073
4063
5553
1177
3647
2890
7240
7642
2137
1943
1930
2487
5469
2043
7279
1123
6903
5531
6245
5322
1409
2328
2287
3393
7138
6555
2691
6264
3550
774
3118
3659
6903
3504
5820
5254
1584
6192
6924
6977
2877
2477
1711
2216
3250
3535
1001
7222
7564
833
2737
3154
2569
1336
7009
6736
7637
7619
3568
1705
5012
3197
3964
2430
5023
4354
4464
4010
2191
7210
2012
5041
5933
2075
1603
4600
2797
1024
4251
1886
304
3152
1770
5454
5708
2479
2863
4137
3187
3113
7122
2066
6809
2130
6929
5865
5701
243
759
2985
921
1126
7828
3294
6865
4113
6884
6778
6377
3815
8089
8184
7973
6350
283
1998
1529
6488
739
6287
3407
6579
6442
3579
6771
1102
5637
7404
6616
3212
191
2821
6499
6109
7278
6002
7262
4553
7914
7292
3678
7592
3480
7116
6827
6283
2011
6417
871
6419
7368
1551
4941
2500
6155
6021
5403
1200
4926
3035
3620
4629
5896
7575
1884
7797
2123
6778
2019
7998
7164
1705
7117
6229
6449
6079
431
6442
6046
6714
5196
1134
290
7653
4442
6961
5769
7669
2037
8141
2393
1641
536
706
4789
7229
6770
916
1584
6904
1988
1587
8009
1965
583
2490
4650
7645
6373
5941
6963
4710
5238
7745
3958
7644
6852
4228
2490
7917
2156
5741
6010
1719
5753
457
5992
451
3762
5387
5789
1
2642
1810
7107
5412
5575
1414
5018
2171
5226
2999
5994
5274
6966
7839
5213
7660
3503
5262
5438
220
3208
1923
5667
7881
7099
106
393
7805
6960
7901
609
4541
5030
1848
5674
3785
3077
2557
2675
121
7073
5530
996
4789
3405
6796
2736
3579
2779
6821
3511
5270
132
38
5012
5496
7271
5283
5291
2248
2538
273
4619
5671
6705
7996
7945
7681
6102
7727
2173
6263
6681
7988
3785
2800
6889
2597
2443
3987
6399
7073
2153
4802
1859
1989
7347
7887
5087
3450
5487
2458
7003
904
4526
1983
4203
1469
5897
4244
3857
2966
641
901
7011
8141
3170
4682
2375
2273
7641
2911
5105
3448
5619
5207
1724
2002
4364
4447
4180
459
3912
938
5911
1152
105
2589
6780
5557
155
4167
7766
5301
6979
1943
5115
6400
5197
6950
2177
4747
4019
866
2066
6291
2463
2245
399
4085
976
5660
344
7252
1898
6435
1636
977
3045
6339
3868
4367
7352
5670
1887
1635
6565
3108
5404
4143
2209
5831
5571
7318
5182
42
6583
2042
3192
1558
7018
5591
2183
5597
4617
671
6662
2644
7555
2490
6090
5058
1247
7860
5165
6447
3092
1550
2978
1354
3399
1040
2607
5194
2190
2766
2828
6886
6298
5474
7256
6010
2582
4456
2928
438
3946
6348
1275
4946
3611
2553
4598
1790
3108
1427
3204
6733
1317
7159
5362
6730
5275
7695
6435
6685
3427
122
1979
727
7855
4656
5835
1339
4606
5157
5638
6051
6847
249
7510
751
2130
634
4456
3477
5048
721
2337
2802
1322
6235
2391
2104
1364
6
138
7435
2708
3424
1921
8002
7228
3066
4228
6811
3987
7709
8174
930
2077
5838
4676
4123
1498
5845
525
4692
6879
7190
6350
4228
1868
5754
4903
209
8168
3353
3759
4530
4897
5720
4905
3386
3698
3144
6195
1820
2895
3273
2857
7104
2192
1726
6706
2286
519
1693
7360
2733
3597
3684
3618
964
2598
6575
1621
1311
7013
4080
6380
6980
962
6821
3115
6385
879
5636
1456
7043
7093
2067
3346
6525
117
466
3488
11
7558
288
2565
3922
4203
6218
1238
2990
5828
2010
7835
7167
485
7110
3187
5489
3416
5336
1645
5085
2336
7505
5458
736
4332
2407
661
3643
2486
3249
3332
5080
3727
4987
4714
3773
4511
161
4955
5392
4876
8007
2678
1368
6395
2481
2368
6856
2595
6108
3582
1540
2275
7156
3723
6221
3743
80
4322
5094
596
2970
4767
4993
7306
5207
6675
7700
3724
6249
1838
1368
261
2206
278
2144
5560
4768
2948
1685
73
1997
6299
7206
3702
547
5916
6048
4081
4647
4719
6595
1741
2421
4314
7807
1914
2693
1959
1085
7891
6693
3680
2589
2513
1208
1498
7839
7515
1169
7856
5116
3943
3763
754
4407
7139
772
4781
2814
6457
5575
3796
3301
6202
6988
7303
353
7337
4027
6274
403
3721
928
3218
1121
5113
5821
5683
6755
4473
5053
7694
5902
2558
3564
6931
5197
2158
7373
3449
5110
5166
3131
35
7612
3742
51
632
3517
5594
4175
74
5088
751
3258
7229
3971
1684
2680
1156
2469
2155
2170
159
5016
7169
2875
5383
2490
3054
7546
4923
4243
6403
5129
715
8072
6046
7206
2531
3678
1389
1372
5210
5630
3198
6566
7012
1171
6147
5449
7906
5290
4467
2199
4458
4026
7218
6438
3380
2447
5761
808
4757
7348
811
6524
4798
1591
148
4137
700
6077
3620
3132
783
7046
952
2430
1313
6585
2303
5472
271
6358
1416
7410
5055
297
2625
7216
5434
6359
4974
6341
3098
3966
4690
708
5057
7802
3261
3337
7991
5085
1727
6414
6182
2164
4718
240
5758
7447
2911
2710
5115
8043
767
4725
4734
6237
6246
3118
3664
8114
6333
3637
3468
5146
5853
5987
1568
636
6137
893
6758
2756
2694
1620
2940
1287
2495
4214
8008
3132
5333
3419
6039
4077
5813
6150
7442
1578
325
4344
3668
6800
671
3294
6303
7970
2936
1153
1869
2825
1220
3868
2584
1735
5163
8032
7494
3473
702
5792
8122
1916
7581
8145
6581
8022
3986
6160
3902
7693
2562
6921
4484
2056
6804
2215
5677
96
6428
7475
7744
7144
5843
7682
7363
5225
1622
1897
7493
7613
3146
7995
4470
209
3013
7270
6334
6732
8025
3485
1264
5301
4030
6401
6200
4847
2773
2903
5462
3840
2126
5582
5215
3194
6508
5285
1014
7883
8043
7331
7885
6292
960
7394
7155
1858
2472
8092
4613
3206
1865
5585
6880
6701
469
2206
4191
6120
7649
7753
5874
4966
7719
7236
6579
3333
4409
3223
2668
2068
6390
5910
6105
3212
6965
39
5800
3606
2306
3560
7396
708
4041
7631
6666
3938
1874
781
2812
1689
2384
3583
960
3270
1194
3059
5626
1716
7060
4249
5570
7539
5111
1011
3263
4730
2616
2541
5406
4106
4533
5517
4229
2554
3338
3014
4172
6552
4353
1686
7662
61
1481
2841
4248
4446
9
7612
1283
6371
6145
5019
5347
1794
4276
7125
2110
2537
2859
6547
199
3766
7242
3326
5890
2493
3987
1155
5162
3956
5942
7038
4426
4268
4634
1616
3247
3207
3900
5162
7930
4453
7886
1262
6661
5304
4610
5741
7843
4253
1238
6040
7546
3410
6558
3234
3142
7054
66
3371
5438
964
944
5219
6513
1100
561
2436
7463
6035
6483
679
3429
437
922
7843
214
1523
3581
6385
7499
5685
8120
7212
7019
2187
1167
1129
1995
7408
2324
2107
6062
3045
1912
3062
7208
6685
6981
3064
1001
3838
1363
4768
3075
3843
874
4662
91
3664
2296
388
1703
3096
1809
4476
4890
2329
537
3728
5089
7721
2221
3956
7403
349
7314
7559
534
4284
6766
653
4849
937
71
552
5208
8130
8024
3828
2457
5441
7699
3592
6542
4392
5774
4708
3925
4997
2890
7369
4124
3505
5110
2308
6076
223
5137
6670
5415
4333
2071
3194
2783
2162
3342
354
6003
924
660
1567
4313
4808
4782
7915
1262
6391
5034
1220
518
4842
1065
704
8192
7688
297
6435
3052
924
3998
6478
2370
4737
6115
7095
1784
6827
489
2299
464
6348
5332
2672
1076
1851
5734
5682
1853
4134
4778
4028
1285
114
7962
7128
1289
2253
210
3980
6792
5757
1914
1677
4701
7896
4991
6509
4989
2094
4299
3916
3076
3115
6288
2815
3605
4133
3757
4791
6689
7211
2171
3711
2035
1737
2856
3379
1594
3510
564
4323
6683
2894
7327
2474
1494
3581
4591
1694
4373
4095
7357
6130
6060
5812
5577
2880
552
6032
3907
1742
2667
5720
1896
7901
2093
129
3902
919
445
3258
902
7173
6846
1966
5679
3081
2150
176
7020
6181
906
8054
6664
8070
6061
5460
4060
5673
6366
303
7476
2847
6913
1035
2284
2905
5877
5177
4251
3500
3151
7505
3588
3088
5704
3899
2859
6585
1832
5625
6134
4081
3466
3075
7097
944
1257
7826
2091
3596
5240
4631
7992
3610
5319
2666
761
4537
2571
2932
1612
4446
7006
255
7875
5452
3086
2413
6421
7762
7692
7401
2996
4195
5973
2051
3141
1920
7857
4743
3178
6018
4979
5285
6546
7884
635
7673
2348
1475
6309
1458
5879
7787
6996
4550
6780
7870
2372
1057
1275
7566
2112
623
7447
3614
383
5109
4613
4852
6119
2021
4304
377
3731
6535
5523
4916
6112
3711
6696
3985
1263
1936
1307
7184
4947
3393
3722
6076
7406
4495
2411
2269
7955
6874
2362
6997
1241
2998
87
3880
3831
5333
5779
2088
876
4975
5593
3167
1473
3663
6395
1497
4295
1718
1158
4959
4665
6924
7347
2450
6193
713
4274
4171
633
2015
686
4310
7368
4057
5303
7712
4719
4929
7730
5363
2484
3895
5594
5149
6361
5785
4759
1156
7980
4103
7684
5243
2781
4083
5051
1155
6742
7628
6788
3782
3897
6651
7428
4750
7905
2784
7992
3822
4674
540
1492
6557
5607
2151
5574
6430
1609
1752
3793
8061
223
2974
7736
6484
6415
3056
5046
2430
2224
3985
3464
5114
114
3646
954
3980
7591
4660
5947
3476
7083
393
5034
2002
1884
6497
4692
1322
694
55
3653
4233
3557
7152
4063
775
5554
5521
7801
4071
4781
6879
5601
2217
7474
2141
7829
7960
6106
991
7364
3911
573
3084
3130
1236
497
1860
2342
4165
1466
7693
4887
552
2691
6263
819
5237
5175
4224
5029
1699
617
368
3583
4086
4543
1984
8075
6315
4937
7974
1288
6570
5112
2801
5230
6207
5339
2703
1945
4096
6633
2238
5741
5644
6194
1413
148
1919
3452
4072
6562
4458
6234
2907
5537
1104
5520
6638
8108
2207
1154
6655
4930
1932
6787
1798
176
6324
2992
4901
1967
452
6176
1560
2658
1850
4868
1891
1884
8138
5818
1386
4351
736
4938
2194
4798
4148
7428
2009
1269
161
346
4751
7544
2205
1868
5573
3722
4644
3521
2165
5923
4745
3878
1176
1660
2356
6687
4431
6350
6091
1000
3131
5553
4507
1307
3842
8175
931
5686
8135
5879
1041
8184
7167
7662
7462
3157
334
2836
2546
1855
1518
2928
349
5957
906
407
411
1486
4264
3735
3021
5703
3822
2801
2470
4629
5518
1460
1114
5022
6836
7479
4298
590
2043
3782
3671
157
3485
1465
7773
8086
4875
558
7716
4641
5772
5901
7995
1950
5258
7759
7920
5850
2877
5054
6676
7503
2370
307
7038
172
7838
2844
795
3369
2983
5167
540
4379
6527
3612
384
7065
5966
3103
1365
5617
1258
6107
3125
6147
4286
1915
7634
7515
4020
5909
7732
216
139
5386
7710
1069
7043
5881
5799
2850
315
4189
2853
7381
6804
7854
4480
3033
2867
1412
5676
1342
1592
2241
7321
3927
7368
3900
7193
614
5990
4176
914
4628
2177
2046
4790
3463
1507
7580
657
7038
1181
1204
5266
7591
5734
4858
2914
1586
894
6584
1537
4696
6424
2657
6412
2825
3979
1699
3789
7793
8142
2985
2779
4397
4113
3662
4453
3624
3078
4480
4693
3547
3419
7843
2712
7497
5996
2547
6937
3111
6699
4963
3928
3982
6039
4016
1260
7751
5734
7557
455
5205
7225
3696
1446
1381
3399
8074
351
8041
1899
5645
6631
2193
806
4156
7592
5441
7497
5196
1600
7440
4706
6106
7302
2477
1676
7854
195
4022
2022
406
2609
1947
987
2920
4108
1468
49
6393
4600
5146
2898
1861
1600
7287
4045
5462
713
7098
2515
3792
5220
5200
6266
3957
3765
4279
416
7699
2338
518
5112
2291
5192
7982
7472
774
1439
3116
4285
2794
3907
5620
3470
3278
2528
943
2963
1149
4099
7263
2422
2227
4596
4781
7859
6356
375
2742
657
3640
4296
2351
3622
2437
3393
5214
1053
4077
4941
5737
2352
4683
4980
3942
3263
6510
1410
3189
1841
2861
4937
7297
6204
5715
4020
5542
5337
2355
2251
4997
1416
3904
5919
3091
5433
6926
2391
3310
3310
8004
1286
4520
3110
8105
4977
199
4680
5716
3098
4319
4267
6016
1923
3073
630
3767
7818
6247
7373
6168
3241
2264
2063
4407
6887
4194
5837
1728
1497
473
777
5366
3698
4814
1757
1915
2085
627
3906
6748
899
6464
5262
3135
1012
447
397
5764
1766
581
6864
5927
8177
252
1390
4783
2171
5383
3548
436
1764
4670
989
7178
4415
6769
8107
351
4870
4666
5872
3555
304
3048
7017
598
2042
1079
5163
5736
7129
369
401
5586
4921
3960
3663
2391
1091
5684
7753
5003
4476
315
5388
832
7686
1331
8134
4333
8052
3267
5134
6451
591
1951
618
5463
978
7801
5068
7489
2833
4024
6759
4536
1054
4986
7142
5976
4448
8022
3185
2510
423
316
6028
1254
4652
1907
6538
7239
8149
4870
6814
215
144
2843
4411
7272
7119
8145
1235
3571
1977
1586
2493
4558
1939
5268
128
3350
5119
1870
3985
5790
7233
2675
5739
7096
4371
5563
2885
3432
1479
7342
5529
3125
548
2100
2838
3817
2266
2449
894
6883
4747
6696
3836
3783
4465
2394
4702
5676
4051
6736
485
6974
7412
7426
4479
717
6503
6337
7373
131
6130
5304
4340
6506
1746
665
7082
5594
5030
1737
3227
2904
7469
1891
191
1599
5966
3001
5160
4806
677
3709
2840
7980
23
4081
924
609
5948
3465
6596
7458
675
897
7887
7235
4115
6970
176
2073
3557
4346
545
3623
2345
1747
1441
7048
3950
6215
6231
7501
6816
1327
2073
4825
2266
3001
1568
1919
4337
4344
2122
7356
1205
1158
6614
2534
1370
1810
3820
4999
1238
308
3118
6152
1028
4162
1949
690
2906
6571
180
7006
2269
6183
3546
7888
837
4338
3863
2333
4276
6432
6840
7205
6273
2005
555
4025
5383
4787
4965
4512
4734
3138
5537
3590
7732
2130
1281
6343
3988
107
6806
6955
4118
4656
2291
7698
499
2745
3100
6102
2648
6123
7691
6523
6387
7990
6086
5957
4260
4353
4319
2266
2210
2837
1111
7119
7955
6816
7228
1898
1554
1639
5664
7467
3714
5377
6261
1320
6200
3367
6389
6911
7304
3096
1043
7719
723
6301
4119
5449
1326
5659
6368
6364
6532
4050
3797
5580
5081
25
5103
5372
3378
7865
6703
2351
1347
2440
1373
5496
4042
105
4772
6140
3617
7508
2493
5178
4362
796
1893
1227
4080
7986
163
5045
6999
1587
3138
2018
7083
4321
8110
63
727
4321
5073
4045
6606
7509
5586
6900
7026
5879
1497
1853
2019
1001
6485
2278
5656
158
3792
3851
3733
1250
4827
685
2126
6
371
3932
3631
620
22
2011
2883
165
715
5996
5406
3087
7279
6201
1049
4172
6554
5356
2547
7372
2153
6638
4338
917
5637
7804
3072
6801
7307
5886
6904
3601
2350
408
61
4511
7797
7979
5236
432
12
5664
7649
5060
746
7318
4972
1845
5602
3109
7472
2681
4744
3981
7689
6335
4284
7646
2108
6577
5764
1750
1437
1056
6585
7745
533
6420
1443
3320
5244
5856
699
5781
3891
5804
4665
1774
6539
3344
1827
4271
113
8178
3765
606
1013
7226
6324
1058
7580
6274
2629
5587
1685
2658
1214
3498
7144
4787
5660
6169
1254
7742
7855
2498
2675
2079
5342
5451
3896
3982
7101
526
4743
6607
676
3419
7416
7051
2944
2986
198
3406
4980
2689
6219
6453
5285
2842
1098
1631
5598
7944
6515
2116
273
1027
1695
1415
5856
7818
4987
3121
8167
3253
5984
428
4135
2892
6995
829
962
5395
7539
7648
7421
3722
7424
599
1209
6999
5315
973
7461
7011
5014
7113
2018
1612
6676
6935
139
6716
1453
3602
4965
1599
6558
7857
8125
222
2778
6155
3934
5912
3682
6650
6733
7095
1775
1284
5696
3708
6234
2127
7710
4719
4251
1273
5445
5112
397
5642
3479
4893
7150
6390
7497
5408
1960
4388
1657
4815
3429
7421
291
6604
4756
676
7348
5428
7213
3883
302
3800
6050
4495
2491
4242
5385
4571
8141
5038
492
101
278
1471
5177
8115
6545
1560
3534
7021
2256
1836
5135
1215
7683
7679
7389
7586
1117
3058
5761
2430
221
6995
8132
6974
3902
4349
5123
6458
7644
7441
1919
2849
5066
2957
804
1791
1216
2952
2889
5369
6193
4945
5175
3848
1910
4222
326
5138
3439
3976
8131
4084
7299
3351
1614
2284
6348
4617
4431
3681
3385
4564
9
623
8109
4512
7585
5020
568
2659
972
2919
3465
5669
6231
4776
271
2310
7427
7590
6604
2919
2344
5896
3087
2732
2203
7421
988
5220
346
159
5949
801
4377
3919
1930
7118
7871
1402
7907
4639
3348
3589
8093
7584
3382
4766
4541
5796
6855
6195
5576
3870
69
7108
6470
1547
1818
6589
5348
1940
869
1872
4146
815
2768
1182
6591
4842
2495
7650
4118
396
6244
1482
5342
6242
2673
44
503
5616
5000
2501
6544
967
7633
80
7074
1676
7451
4149
2046
324
6308
6395
4940
530
5696
6168
3972
66
2113
4698
3616
5791
6056
6694
4638
5166
6077
2029
5436
5432
2870
4303
1600
3238
4697
5390
4625
5
5071
6636
7426
360
6094
3822
6618
6096
8187
1899
2105
5158
984
2826
2877
2888
8027
106
1119
1899
3585
3122
61
801
2159
7791
8041
5044
3657
3244
5820
5258
4664
7917
8156
564
6950
5459
4007
6442
7667
2309
226
6351
7304
3390
1516
7551
956
6128
1849
1691
5170
2427
6584
2776
2442
7739
39
754
1369
7380
4168
764
2117
2100
3138
4993
3112
1538
632
6368
4887
2578
1732
4404
6662
4711
6183
887
4736
4812
1768
1806
6106
2330
2301
6749
5413
2206
3049
2361
3882
2830
7813
307
5761
7575
3803
799
2610
4297
3448
5531
3253
5740
1872
963
6780
2588
419
3183
2067
2343
7946
3079
738
7764
3943
5908
1571
671
7301
2625
686
1336
749
676
4524
4039
56
4138
3478
3797
322
4804
7547
3752
6802
4472
7159
2422
3808
3262
253
6539
5120
198
3029
4099
3483
7169
5239
2138
2718
7406
3684
1465
1403
2741
454
3723
7785
2938
1669
491
1984
7714
5087
2193
2890
6303
594
1234
7134
5668
1967
5505
2503
7749
819
3556
1633
1434
6578
1176
4962
4787
3190
1218
5553
2706
7665
2711
22
790
6182
172
790
237
3149
7324
6479
864
6580
5896
4670
7226
7607
6391
5655
7595
7277
4889
6877
2412
4385
5064
6535
3418
4690
5264
1706
3154
905
1096
1346
6672
3932
3460
2709
7556
50
7848
6517
843
5147
5030
1263
1181
374
3727
3721
5407
4807
4729
1473
6391
5246
4781
649
8071
7427
2461
2128
2142
2546
1224
943
3253
5542
6812
340
6222
4108
897
4191
5993
875
1452
1538
962
3851
8177
4791
666
2533
4387
4042
4369
5271
6708
4048
6511
6302
4139
7148
2272
4590
1308
3712
8112
196
6498
2662
3475
2462
4553
2459
8017
3943
6755
6730
1183
7831
4528
4728
254
3013
3081
646
5525
3418
1496
5190
544
1307
3047
1276
5913
4348
8049
6862
7384
7357
5682
6345
4721
2887
7873
2911
6798
1954
6000
1792
7513
7465
2925
4182
2689
213
2218
5394
6247
5784
1875
1307
7128
5471
1341
5522
5701
6430
3501
12
6686
4993
8148
6818
645
383
6139
1366
4734
4520
7628
7556
4112
572
3051
8038
1561
1289
5092
5758
3336
4188
1275
1831
5400
3015
328
6054
2558
7113
5020
5068
3545
4018
6901
312
6403
496
6128
7121
4604
4757
6197
297
5715
341
2308
7666
408
6463
2675
4929
1930
2958
1447
6215
1474
4592
1851
4409
2091
2572
5244
578
3831
7022
542
1223
5611
473
1850
3932
1997
5517
5574
2799
6655
6053
7217
2924
5998
4066
3913
5950
2179
3615
1840
5178
5962
3295
4082
1362
6103
3913
5523
662
8145
7059
4358
985
4062
2126
2579
8105
5531
3385
4352
1832
6584
5431
6697
6739
114
5609
3249
2803
5063
5112
516
5737
6692
3198
879
4257
6894
2442
3130
1683
1782
1681
7188
8072
4365
7334
6261
2770
2788
4619
351
4344
6348
548
5923
7992
4544
6122
588
3451
5227
2794
6090
5756
1655
6181
252
603
1409
7166
6036
2006
4814
5995
5163
4780
222
4472
1157
2161
2919
7176
6917
2269
7139
272
5892
6714
1710
743
7739
2680
2882
2926
3751
549
2185
5707
5136
4267
7929
8019
1849
3761
2336
7280
5705
1474
6361
2646
2657
340
669
6415
6312
1824
4420
2922
2411
7601
5762
440
795
2929
2851
3400
6269
4540
6794
4171
5212
2543
4415
3210
3310
6111
761
730
1822
7913
1661
7958
3627
550
526
7764
4732
2795
1321
2995
4539
4115
5687
5415
6495
1530
8019
5984
1453
6715
2101
4850
4900
201
777
1234
6806
4971
5370
7376
6693
3407
6222
6497
1189
2836
3164
5840
193
1200
510
4787
6930
2684
1766
2509
3309
1197
8112
3353
1195
6534
194
2489
4885
5445
7632
5339
3300
462
701
1341
1550
4295
5881
4049
2185
6787
3098
3301
2567
7517
7410
2254
6369
4784
3716
2242
5813
3503
4032
5674
3196
166
4829
6036
3465
6507
94
5196
178
3011
7818
7804
940
7702
2937
7304
6918
5355
5802
4248
7734
6218
3580
7107
4734
4468
7926
1035
4766
1060
2444
796
5184
6193
5709
2560
628
4651
7466
338
5591
5738
5596
3313
6683
7704
3902
3815
4614
1974
6940
6462
7381
4805
5288
2062
6984
1132
1799
92
157
1392
5580
3587
5739
511
17
2481
5610
4981
1191
6146
7319
5085
2170
3763
5560
2465
2743
6807
4086
2096
7383
996
2060
7743
2043
7745
5957
3313
4273
6619
4716
1002
3752
5907
8009
5626
926
1623
6011
6633
7021
1495
4125
3849
3300
3566
3107
292
7646
576
2548
3928
6821
3236
686
5948
4897
1156
2624
6590
2722
1164
1439
7001
3897
7303
2160
7153
8149
7783
6127
7851
7489
6421
7349
5155
8106
4133
3024
199
5558
7454
6140
4281
324
1336
6962
6140
7501
5191
5430
3455
7769
2576
2179
990
3877
3988
8159
